Clade ID	Taxonomy ID	BioProject ID	BioSample ID	Assembly ID	Nucleotide accession(s)
     20748	    266117	     10670	         0	     14988	CP000386
     20749	    469383	     20745	         0	     26068	CP001854
     20750	   1097667	     74503	         0	    329458	AGUD
     20751	    649764	     38335	         0	    196478	ACUX
     20751	   1111137	     78589	         0	    417708	ALNO
     20752	    471855	     20831	         0	     24688	CP001684
     20753	    469378	     20739	         0	     24648	CP001682
     20754	   1034345	     70543	         0	    318428	CAEM
     20755	    502558	     67615	         0	    389258	AP012211
     20756	    479437	     21093	         0	     25068	CP001726
     20756	    665943	     40023	         0	    245218	ACWN
     20756	    910311	     59527	         0	    252898	AEXR
     20757	    700015	     42699	    713604	    255708	CP002628
     20758	    521003	     29307	         0	    183258	ABXH
     20758	    445975	     19665	         0	    183338	ABXJ
     20760	    411903	     18167	         0	    206518	AAVN
     20761	    742742	     46403	         0	    303628	ADLS
     20762	    866774	     51071	         0	    226978	AEDQ
     20763	    525256	     46677	         0	    224618	ADNA
     20763	    525256	     31435	         0	    299368	ACGK
     20764	    553184	     30999	         0	    216158	ACFE
     20765	    521095	     29401	         0	     25028	CP001721
     20766	    633147	     36641	     16989	    166418	CP002106
     20767	    661087	     39743	         0	    316428	ACVE
     20768	    525909	     29525	         0	     24068	CP001631
     20769	    203267	        95	         0	      8288	AE014184
     20769	    218496	       354	         0	    256898	BX072543
     20769	   1293500	    189522	         0	    555878	CAUD
     20769	   1293895	    189644	         0	    555898	CAUF
     20769	   1293896	    189635	         0	    581748	CAAG
     20769	   1293897	    189640	         0	    581768	CAAH
     20769	   1294027	    189641	         0	    581788	CAAO
     20769	   1294028	    189642	         0	    581808	CAUP
     20769	   1294029	    189643	         0	    581828	CAUQ
     20769	   1294031	    189636	         0	    581848	CAUS
     20769	   1294032	    189646	         0	    581868	CAUT
     20769	   1294033	    189647	         0	    581888	CAUU
     20769	   1294034	    189632	         0	    581908	CAUV
     20769	   1294035	    189637	         0	    581928	CAUW
     20769	   1294036	    189633	         0	    581948	CAUX
     20769	   1294037	    189634	         0	    581968	CAUY
     20769	   1294038	    189638	         0	    581988	CAVA
     20769	   1294039	    189639	         0	    582008	CAVB
     20769	   1294030	    189645	         0	    598758	CAUR
     20770	    641146	     41979	         0	    198218	ADCX
     20771	    641144	     42549	         0	    198378	ADEB
     20771	    864564	     50509	         0	    253008	AEON
     20771	   1193128	    167218	         0	    388798	AKII
     20772	    561180	     30751	         0	    214978	ABXB
     20773	    442563	     19423	         0	     22228	CP001213
     20773	    580050	     32897	         0	     23508	CP001515
     20773	    555970	     32893	         0	     23768	CP001606
     20773	    552531	     42883	         0	     26048	CP001853
     20773	    573236	     32515	         0	    113398	CP001892
     20773	    486409	     28807	         0	    213338	ABOT
     20773	   1042403	     67865	         0	    294988	CP002915
     20773	    911598	     59607	         0	    325238	AHGW
     20773	    703613	     41423	         0	    376528	CP002567
     20773	   1168290	    156973	         0	    397778	CP003497
     20773	    742729	    156975	         0	    397798	CP003498
     20773	   1075106	     71815	         0	    552408	CP003039
     20773	   1281781	    186412	         0	    709818	CP004053
     20774	    553190	     31001	         0	     26008	CP001849
     20774	    682147	     40893	         0	    220978	ADAM
     20774	    682148	     40895	         0	    221018	ADAN
     20774	    585528	     46675	         0	    224658	ADNB
     20774	    525284	     31473	         0	    255808	CP002104
     20774	   1009464	     51067	         0	    283338	CP002725
     20774	    907262	     53893	         0	    328518	AEJE
     20774	    879307	     52049	         0	    333728	AFDI
     20774	    904144	     53359	         0	    336808	AEJD
     20774	    698950	     42431	         0	    381128	ADEL
     20774	    698955	     42443	         0	    381168	ADEQ
     20774	    698956	     42445	         0	    381188	ADER
     20774	    698959	     42451	         0	    381208	ADEU
     20774	    698951	     42435	         0	    381228	ADEM
     20774	    698952	     42437	         0	    381248	ADEN
     20774	    698954	     42441	         0	    381268	ADEP
     20774	    698957	     42447	         0	    381288	ADES
     20774	    698958	     42449	         0	    381308	ADET
     20774	    698960	     42453	         0	    381328	ADEV
     20774	    698961	     42455	         0	    381348	ADEW
     20774	   1261071	    181326	         0	    714268	ATJE
     20774	   1261070	    181325	         0	    714288	ATJF
     20774	   1261069	    181324	         0	    714308	ATJG
     20774	   1261068	    181323	         0	    714328	ATJH
     20774	   1261067	    181322	         0	    714348	ATJI
     20774	   1261066	    181321	         0	    714368	ATJJ
     20774	   1261065	    181320	         0	    714388	ATJK
     20774	   1261064	    181319	         0	    714408	ATJL
     20774	   1261063	    181318	         0	    714428	ATJM
     20774	   1261062	    181317	         0	    714448	ATJN
     20774	   1261061	    181316	         0	    714468	ATJO
     20774	   1261060	    181315	         0	    714488	ATJP
     20774	   1261059	    181314	         0	    714508	ATJQ
     20774	   1261058	    181313	         0	    714528	ATJR
     20774	   1261057	    181312	         0	    714548	ATJS
     20775	    518635	     29261	         0	    184178	ABYS
     20777	    206672	       328	         0	      8328	AE014295
     20777	    205913	     18773	         0	      9748	CP000605
     20777	    391904	     17189	         0	     21228	CP001095
     20777	    759350	     47579	         0	    112958	CP002010
     20777	    537937	     30065	         0	    181738	ABQQ
     20777	    518634	     29259	         0	    186918	ACCG
     20777	    890402	     53143	         0	    201808	CP002286
     20777	    205913	       321	         0	    202658	AABM
     20777	    469594	     41959	         0	    245258	ADCN
     20777	    548480	     31437	         0	    253448	ACHI
     20777	    565042	     32047	         0	    257378	AP010888
     20777	    565040	     32051	         0	    257398	AP010890
     20777	    722911	     45963	         0	    273318	FP929034
     20777	    866777	     51077	         0	    282988	CP002743
     20777	   1035817	     66401	         0	    292818	CP002794
     20777	    326426	     13487	         0	    293938	CP000303
     20777	   1074482	     71589	         0	    337348	AFXX
     20777	   1161745	     89651	         0	    377088	AJTJ
     20777	   1161904	     89649	         0	    377108	AJTI
     20777	   1161744	     89647	         0	    377128	AJTF
     20777	   1161743	     89645	         0	    377148	AJTM
     20777	    391904	     32049	         0	    388938	AP010889
     20777	   1036735	     67403	         0	    429698	AFVV
     20777	   1266716	    182967	         0	    704838	APVE
     20777	   1203540	    169434	         0	    705658	ATCB
     20777	   1280702	    185722	         0	    729808	ATWX
     20778	    398513	     30055	         0	    181698	ABQP
     20778	    883062	     51963	         0	    199898	CP002220
     20778	    702459	     42863	         0	    201108	CP001840
     20778	    484020	     21077	         0	    383248	CP001361
     20778	    398513	     30055	         0	    392578	AKCA
     20778	   1207542	    170146	         0	    427698	AMPL
     20778	   1207543	    170147	         0	    428318	AMPM
     20779	    401473	     17583	         0	     25248	CP001750
     20779	    871562	     51373	         0	    169708	AEEQ
     20779	    473819	     20555	         0	    212598	ABIX
     20779	    553191	     31395	         0	    235258	AEHJ
     20780	    367928	     16321	         0	     11228	AP009256
     20780	    411481	     18197	         0	    179118	AAXD
     20780	    547043	     30373	         0	    215098	ABXX
     20780	    566552	     30749	         0	    215138	ABXY
     20782	    585529	     34587	         0	    169758	ACLJ
     20783	    525263	     31447	         0	    190018	ACHJ
     20784	    649754	     38319	         0	    198918	ADNS
     20785	   1110505	     76363	         0	    319488	CAFW
     20786	    553206	     31009	         0	    219298	ACVP
     20786	    525264	     30955	         0	    232758	ABYQ
     20787	    862512	     50523	         0	    169288	AEED
     20787	    525260	     31443	         0	    188998	ACGD
     20788	    525268	     31449	         0	    189038	ACGE
     20789	    548476	     37279	         0	     23708	CP001601
     20789	    548476	     31451	         0	    217458	ACLH
     20790	    548477	     30957	         0	    184098	ABYP
     20790	    548478	     31549	         0	    189938	ACHF
     20791	    196164	     34585	         0	    192338	ACLI
     20791	    196164	       305	         0	    288688	BA000035
     20792	    340322	     19193	         0	     11028	AP009044
     20792	    196627	       307	         0	     12128	BA000036
     20792	    196627	     13760	         0	    257158	BX927147
     20792	   1075088	     71497	         0	    336088	AFYA
     20792	   1079988	     72697	         0	    336868	AGQQ
     20792	   1310164	    194384	         0	    605148	AQPS
     20792	   1204414	    157367	         0	    608168	HE802067
     20792	   1232381	    175236	         0	    695838	CP004047
     20792	   1232383	    175241	         0	    695858	CP004048
     20792	   1198672	    168426	         0	    719488	AKXP
     20793	    566549	     30771	         0	    188158	ACEB
     20793	    553207	     31011	         0	    218818	ACSH
     20794	    257309	        87	         0	    256638	BX248353
     20794	    698962	     42399	         0	    326518	CP003206
     20794	    698966	     42407	         0	    326538	CP003207
     20794	    698972	     42419	         0	    326558	CP003208
     20794	    698973	     42423	         0	    326578	CP003209
     20794	    698969	     42415	         0	    327858	CP003214
     20794	    698968	     42411	         0	    364908	CP003213
     20794	    698963	     42401	         0	    364928	CP003210
     20794	    698970	     42417	         0	    364948	CP003215
     20794	    698965	     42405	         0	    364968	CP003211
     20794	    698967	     42409	         0	    364988	CP003212
     20794	    698971	     42421	         0	    365008	CP003217
     20794	    698964	     42403	         0	    365028	CP003216
     20794	   1162302	     89613	         0	    368068	AJGI
     20794	   1166015	    120127	         0	    381108	AJVH
     20795	    765874	     48979	         0	    166308	CP002097
     20795	    681645	     40875	         0	    167138	CP001829
     20795	    889513	     52845	         0	    175278	CP002251
     20795	    945711	     61801	         0	    286368	CP002790
     20795	    945712	     61803	         0	    286388	CP002791
     20795	    935298	     61115	         0	    296488	CP002924
     20795	   1087453	     73233	         0	    306008	CP003062
     20795	    935697	     61117	         0	    306428	CP003061
     20795	   1087454	     73235	         0	    313448	CP003082
     20795	   1087452	     73231	         0	    326498	CP003152
     20795	   1074485	     71591	         0	    357228	CP003077
     20795	   1117942	     77871	         0	    365658	CP003385
     20795	   1089446	     73515	         0	    368708	CP003407
     20795	   1087451	     73223	         0	    371758	CP003421
     20795	    679896	     40687	         0	    372138	CP001809
     20795	   1168865	    157069	         0	    381448	CP003540
     20795	   1161911	     89445	         0	    383788	CP003652
     20795	    996634	     63647	         0	    446978	AP012284
     20796	    858619	     50001	         0	    295628	CP002917
     20797	    863239	     66913	         0	    318928	AFIZ
     20798	    504474	     29211	         0	    353498	AM942444
     20798	   1267754	    183484	         0	    534698	CP004085
     20799	    927655	     60239	         0	    285528	AENJ
     20800	    662755	     39683	         0	    290428	CP002857
     20801	    525262	     31445	         0	    197578	ACYW
     20801	    306537	     13967	         0	    288498	CR931997
     20802	    553204	     31007	         0	    215458	ABZU
     20802	   1078764	     72477	         0	    705448	AGEM
     20803	    645127	     38011	         0	     23948	CP001620
     20804	    479431	     29537	         0	     25168	CP001737
     20805	    640132	     37711	         0	    113458	CP001958
     20806	    679197	     40685	         0	    245328	ACZI
     20807	    675635	     40557	    713596	    257498	CP002593
     20808	    882856	     51929	         0	    448978	AEGE
     20809	    761194	     47929	         0	    225298	ADUJ
     20810	    994479	     63283	         0	    254248	AEYC
     20811	    405948	     17885	         0	    211598	ABFV
     20811	    405948	     18489	         0	    353948	AM420293
     20812	    446462	     19705	         0	     24048	CP001630
     20813	    882084	     61823	         0	    314858	AGIT
     20813	    928729	     72359	         0	    610358	AICX
     20814	    882083	     61991	         0	    355588	AHLX
     20815	    471857	     20835	         0	     24668	CP001683
     20816	   1114959	     76787	         0	    344828	AHBX
     20816	    882081	     62037	         0	    367308	AGIU
     20817	    882086	     62221	         0	    370628	AICV
     20818	    928724	     63505	         0	    395798	AGJI
     20819	    882082	     61997	         0	    355578	AHLY
     20820	   1068978	     82743	         0	    592738	AQUL
     20820	    385957	     60885	         0	    670978	AFWY
     20821	    591158	     33599	         0	    188618	ACEV
     20821	   1089544	     81939	         0	    610648	ARPK
     20821	   1337957	    205409	         0	    706638	ASXG
     20821	   1337958	    205410	         0	    706658	ASXH
     20822	    749927	     46889	         0	    257658	CP002000
     20822	    713604	     43503	         0	    295128	CP002896
     20822	    713604	    170006	         0	    404168	CP003729
     20822	   1089545	    165347	         0	    610538	ARBH
     20822	   1292037	    188706	         0	    651808	AOUO
     20823	    910954	     59501	         0	    241678	AEKG
     20824	    443218	     63351	         0	    283918	CP002786
     20825	   1078020	     72237	         0	    316288	AGVE
     20826	    875328	     51513	         0	    283898	CP002329
     20827	   1078013	     72223	         0	    349308	AGAQ
     20828	    561304	     31271	         0	     27488	FM211192
     20828	    272631	        90	         0	    256678	AL450380
     20829	     83331	       223	         0	      9388	AE000516
     20829	    410289	     18059	         0	     10248	AM408590
     20829	    561275	     31211	         0	     11488	AP010918
     20829	    419947	     18883	         0	     16948	CP000611
     20829	    336982	     15642	         0	     17728	CP000717
     20829	    478434	     21055	         0	     24428	CP001658
     20829	    348776	     16172	         0	    175998	AAKR
     20829	    395095	     17353	         0	    178318	AASN
     20829	    515615	     29165	         0	    181238	ABLL
     20829	    515616	     29167	         0	    181278	ABLM
     20829	    515617	     29169	         0	    181318	ABLN
     20829	    520140	     29329	         0	    181398	ABOV
     20829	    520141	     29327	         0	    181438	ABOW
     20829	    537209	     30015	         0	    181498	ABQG
     20829	    537210	     30017	         0	    181538	ABQH
     20829	    555461	     30979	         0	    182498	ABVM
     20829	    611302	     34551	         0	    190218	ACHO
     20829	    611303	     34553	         0	    190258	ACHP
     20829	    611304	     34555	         0	    190298	ACHQ
     20829	    478433	     39761	         0	    196678	ACVS
     20829	    663887	     39765	         0	    196718	ACVT
     20829	    663886	     39767	         0	    196738	ACVU
     20829	    675512	     43603	         0	    200858	ADHQ
     20829	    419947	     18649	         0	    207458	AAYK
     20829	    164513	       273	         0	    220658	ADAB
     20829	    675513	     43605	         0	    232998	ADHR
     20829	    675514	     43607	         0	    233008	ADHS
     20829	    675515	     43609	         0	    233018	ADHT
     20829	    675516	     43611	         0	    233028	ADHU
     20829	    675517	     43613	         0	    233038	ADHV
     20829	    675518	     43615	         0	    233048	ADHW
     20829	    675519	     43617	         0	    233058	ADHX
     20829	    675520	     43619	         0	    233068	ADHY
     20829	    675521	     43621	         0	    233078	ADHZ
     20829	    675522	     43623	         0	    233088	ADIA
     20829	    675523	     43625	         0	    233098	ADIB
     20829	    747367	     46665	         0	    237688	ADNF
     20829	    747368	     46667	         0	    237708	ADNG
     20829	    747369	     46669	         0	    237728	ADNH
     20829	    911237	     59573	         0	    246898	AELF
     20829	    659019	     39283	         0	    251958	ACSX
     20829	    478433	     21053	         0	    255748	CP001662
     20829	    233413	        89	         0	    256658	BX248333
     20829	    882098	     51869	         0	    294648	AEGB
     20829	    882099	     51871	         0	    294668	AEGC
     20829	    882100	     51873	         0	    294688	AEGD
     20829	    707235	     43171	         0	    300908	CP002992
     20829	    717522	     45811	         0	    315388	CP002095
     20829	    998092	     63839	         0	    335288	AEZH
     20829	    998089	     63833	         0	    335408	AEZE
     20829	    998090	     63835	         0	    335828	AEZF
     20829	    998091	     63837	         0	    336148	AEZG
     20829	   1126682	     78807	         0	    349048	AHHX
     20829	   1126684	     78961	         0	    349148	AHHZ
     20829	   1126683	     78959	         0	    349788	AHHY
     20829	    572418	     68095	         0	    363068	FR878060
     20829	   1048245	     68135	         0	    363088	HE572590
     20829	    707237	     43175	         0	    365858	AIIE
     20829	    443149	     19585	         0	    389318	CP001641
     20829	    443150	     19583	         0	    389338	CP001642
     20829	    478435	     21057	         0	    389518	CP001976
     20829	    757419	     47937	         0	    394998	AJSF
     20829	   1091500	     73717	         0	    397538	CP003233
     20829	   1091501	     73719	         0	    397558	CP003234
     20829	     83332	     37301	         0	    398808	CP003248
     20829	   1078763	     72517	         0	    415758	BADQ
     20829	   1200348	    168605	         0	    422328	ALYH
     20829	   1200347	    168604	         0	    422348	ALYG
     20829	   1097669	     74573	         0	    440248	HE608151
     20829	   1205674	    184389	         0	    517498	FO203509
     20829	   1205676	    184390	         0	    517538	FO203507
     20829	   1205677	    184391	         0	    517578	FO203510
     20829	   1205675	    184401	         0	    517618	FO203508
     20829	   1240677	    176960	         0	    521508	AMXW
     20829	   1138877	     82273	         0	    524108	HE663067
     20829	     83332	       224	         0	    538028	AL123456
     20829	   1246119	    184398	         0	    553868	CAOL
     20829	   1246120	    184396	         0	    553888	CAOM
     20829	   1246121	    184399	         0	    553908	CAON
     20829	   1246634	    184400	         0	    553928	CAOO
     20829	   1206780	    170028	         0	    557698	CP003900
     20829	    652616	     88109	         0	    566218	AP012340
     20829	   1305739	    193095	         0	    566978	APKD
     20829	   1306400	    193385	         0	    588568	CP005082
     20829	   1274431	    181180	         0	    588858	AOUF
     20829	   1279011	    185398	         0	    643248	AOMG
     20829	   1304279	    192916	         0	    653638	CP004886
     20829	   1310114	    193386	         0	    653658	CP005386
     20829	   1310115	    193387	         0	    653678	CP005387
     20829	    443149	     66069	         0	    688288	CP002884
     20829	   1322343	    196573	         0	    706458	AQQC
     20829	   1341711	    206559	         0	    727458	ATAS
     20830	    525368	     31521	         0	    198958	ADNV
     20831	    262316	        91	         0	      8668	AE016958
     20831	    243243	        88	         0	     15788	CP000479
     20831	    553481	     30909	         0	    216198	ACFI
     20831	   1010838	     66075	         0	    344248	AFIF
     20831	   1051629	     68575	         0	    344308	AHAZ
     20831	   1112208	     76615	         0	    344328	AHBA
     20831	   1078003	     72215	         0	    348268	AGAM
     20831	   1078004	     72217	         0	    348548	AGAN
     20831	   1078005	     72219	         0	    348628	AGAO
     20831	   1029821	     66653	         0	    348748	AFPI
     20831	   1029813	     66637	         0	    348948	AFNR
     20831	   1029815	     66641	         0	    349248	AFPC
     20831	   1029816	     66643	         0	    349388	AFPD
     20831	   1029814	     66639	         0	    349568	AFHX
     20831	   1029817	     66645	         0	    349588	AFPE
     20831	   1029818	     66647	         0	    349648	AFPF
     20831	   1029820	     66651	         0	    349668	AFPH
     20831	   1078001	     72211	         0	    349728	AGAK
     20831	   1029819	     66649	         0	    349868	AFPG
     20831	   1074454	     71483	         0	    349888	AGAR
     20831	   1078002	     72213	         0	    349928	AGAL
     20831	   1029812	     66635	         0	    350028	AFNS
     20831	   1078011	     72221	         0	    350148	AGAP
     20831	   1247747	    178307	         0	    521478	ANPD
     20831	   1199187	    168471	         0	    667918	CP005928
     20832	   1041522	     67689	         0	    449208	AFVW
     20833	    487521	     27955	         0	    212558	ABIN
     20833	   1168287	    156947	         0	    378678	CP003491
     20833	   1138383	     82155	         0	    397318	CP003324
     20833	    487521	     82157	         0	    397578	CP003322
     20833	   1138382	     82153	         0	    397598	CP003323
     20833	   1232724	     33469	         0	    425238	CP002275
     20833	   1214063	    173913	         0	    451518	BAGQ
     20833	   1168288	    156949	         0	    587348	AKIG
     20834	    557599	     30907	         0	    186698	ACBV
     20835	    216594	     16725	         0	     19148	CP000854
     20835	    362242	     16230	         0	    315238	CP000325
     20835	    459424	     20227	         0	    525028	CP003899
     20835	   1187065	    178079	         0	    727298	AOPX
     20835	   1229516	    174279	         0	    727318	ANPL
     20835	   1288036	    174278	         0	    727338	ANPM
     20836	   1001714	     73693	         0	    324068	AHAR
     20836	   1087483	     73255	         0	    334388	AGQU
     20836	   1091046	     73695	         0	    334848	AHAS
     20836	     36809	     15691	         0	    353848	CU458896
     20836	   1149134	     84203	         0	    367328	AJGF
     20836	   1158135	     88149	         0	    367348	AJGG
     20836	   1162288	     89603	         0	    374558	AJMA
     20836	   1162287	     89601	         0	    374578	AJLZ
     20836	   1162284	     89595	         0	    374598	AJLY
     20836	   1162283	     89593	         0	    377018	AJSC
     20836	   1162285	     89597	         0	    377038	AJSD
     20836	   1162286	     89599	         0	    377058	AJSE
     20836	   1001720	     65169	         0	    389558	AKVB
     20836	   1001716	     65161	         0	    389578	AKUZ
     20836	   1001737	     65205	         0	    389598	AKUS
     20836	   1001724	     65177	         0	    389618	AKVE
     20836	   1001739	     65209	         0	    389638	AKUR
     20836	   1001714	     65215	         0	    389658	AKVF
     20836	   1001725	     65179	         0	    389678	AKVD
     20836	   1001718	     65165	         0	    389698	AKVA
     20836	   1001719	     65167	         0	    389718	AKVC
     20836	   1001723	     65175	         0	    389738	AKUT
     20836	   1001713	     65157	         0	    389758	AKUU
     20836	   1001712	     65155	         0	    389778	AKUW
     20836	   1001711	     65153	         0	    389798	AKUV
     20836	   1001721	     65171	         0	    389818	AKUX
     20836	   1001715	     65159	         0	    389838	AKUY
     20836	   1001741	     65213	         0	    389858	AKUF
     20836	   1001706	     65143	         0	    389878	AKUK
     20836	   1001708	     65147	         0	    389898	AKUM
     20836	   1001709	     65149	         0	    389918	AKUO
     20836	   1001710	     65151	         0	    389938	AKUN
     20836	   1001732	     65193	         0	    389958	AKUQ
     20836	   1001740	     65211	         0	    389978	AKUE
     20836	   1001735	     65199	         0	    389998	AKUB
     20836	   1001733	     65195	         0	    390018	AKUC
     20836	   1001734	     65197	         0	    390038	AKUD
     20836	   1001731	     65191	         0	    390058	AKTZ
     20836	   1001730	     65189	         0	    390078	AKUA
     20836	   1001717	     65163	         0	    390098	AKUP
     20836	   1001722	     65173	         0	    390118	AKTU
     20836	   1001738	     65207	         0	    390138	AKUH
     20836	   1001704	     65137	         0	    390158	AKUI
     20836	   1001736	     65203	         0	    390178	AKUG
     20836	   1001728	     65185	         0	    390198	AKTX
     20836	   1001729	     65187	         0	    390218	AKTY
     20836	   1001726	     65181	         0	    390238	AKTV
     20836	   1001727	     65183	         0	    390258	AKTW
     20836	   1001705	     65139	         0	    390278	AKUJ
     20836	   1198627	    168263	         0	    399128	CP003699
     20836	   1175632	    159701	         0	    401568	AKVR
     20836	   1176125	    159789	         0	    401588	AKVT
     20836	   1185414	    159885	         0	    401608	AKVU
     20836	   1175633	    159703	         0	    401628	AKVV
     20836	   1001707	     65145	         0	    450118	AKUL
     20836	   1246644	    178140	         0	    527128	ANAR
     20836	   1166017	    114709	         0	    528738	CAHZ
     20836	   1306401	    193351	   2205188	    726458	ATFQ
     20837	    931627	     60639	         0	    335688	AGIQ
     20838	    710685	     60027	         0	    321498	CP003169
     20839	    710687	     52639	         0	    342028	AGJJ
     20840	    164756	     15762	         0	     14968	CP000384
     20840	    189918	     16081	         0	     16208	CP000518
     20840	    164757	     16079	         0	     16808	CP000580
     20841	    350058	     15761	         0	     16108	CP000511
     20842	    350054	     15760	         0	     17168	CP000656
     20842	    278137	     28521	    713568	    238108	CP002385
     20843	    246196	        92	         0	     15808	CP000480
     20843	    246196	     38453	         0	    404868	CP001663
     20843	   1214915	    171330	         0	    524898	AOCJ
     20844	   1087053	     73031	         0	    349748	AGSZ
     20844	   1214102	    170443	         0	    425638	ALQB
     20844	   1273687	    183985	         0	    716728	AOHR
     20845	    521096	     29399	         0	    112858	CP001966
     20846	    644548	     61793	         0	    252418	AEUD
     20846	   1223544	    173188	         0	    527488	BANU
     20847	   1075090	     71719	         0	    329658	BAED
     20848	   1077976	     71853	         0	    329778	BAEI
     20848	   1112204	     76601	         0	    355728	CP003119
     20848	   1034768	    165561	         0	    609678	ARVZ
     20849	   1108044	     76513	         0	    366498	BAFB
     20849	   1089453	     73363	         0	    366518	BAFC
     20849	   1220583	    172601	         0	    527368	BANR
     20851	    526226	     29549	         0	     25588	CP001802
     20852	   1027371	     66367	         0	    302588	BACI
     20852	   1208314	    170672	         0	    425518	BAHE
     20852	   1077975	     71851	         0	    515498	BAHB
     20852	   1220574	    172592	         0	    527408	BANS
     20853	   1089454	     73365	         0	    366538	BAFD
     20853	    337191	     50495	         0	    446798	CP002907
     20853	   1316928	    196464	         0	    653738	AQPW
     20854	   1073574	     71333	         0	    329698	BAEE
     20855	   1077974	     71849	         0	    329738	BAEH
     20856	    247156	     13117	         0	     10608	AP006618
     20857	   1127134	     79001	         0	    407598	FO082843
     20857	   1206728	    170631	         0	    450998	BAFY
     20858	    450821	     82321	         0	    365838	AJFC
     20858	   1278076	    185259	         0	    551858	AOEX
     20858	   1240349	    176883	         0	    559108	ANGC
     20858	   1301088	    198653	         0	    608128	CAVJ
     20859	   1114960	     76789	         0	    324188	AHBW
     20859	    374846	     63847	         0	    350688	AFAQ
     20859	   1170698	    157995	         0	    399368	AJVB
     20859	   1114961	     76791	         0	    439818	AGVW
     20860	    525370	     31525	         0	    249828	ADNW
     20860	    685727	     41335	         0	    257518	FN563149
     20861	    234621	     20395	         0	     10908	AP008957
     20861	    596309	     34067	         0	    217738	ACNO
     20861	   1078016	     72225	         0	    333008	AGCF
     20861	   1278077	    185383	         0	    548618	AODN
     20862	    632772	     34839	         0	     11608	AP011115
     20862	    101510	     13693	         0	     15368	CP000431
     20862	    543736	     30413	         0	    316718	AGVD
     20862	   1165867	    112531	         0	    375058	AJJH
     20862	    186196	    157361	         0	    381578	AJLQ
     20862	    745408	     46601	         0	    401688	AKKP
     20862	   1129896	    158507	         0	    457928	AJYC
     20862	   1195242	    167644	         0	    512558	ANIU
     20863	    585531	     34545	         0	    202238	ACLF
     20864	   1033730	     68301	         0	    409558	CAEF
     20864	   1033730	     82327	         0	    456458	CAHG
     20865	    479435	     21089	         0	     25148	CP001736
     20866	    196162	     12738	         0	     16068	CP000509
     20867	    408672	     48513	         0	    249908	ADVI
     20868	    754252	     46291	         0	    112358	FN806773
     20869	   1032480	     66879	         0	    389218	AP012204
     20870	    997355	     64741	         0	    306148	AGBA
     20870	   1170318	    157751	         0	    591588	CP005287
     20870	   1203571	    169460	         0	    708648	ATFM
     20871	    765109	     49253	         0	    166908	ADZU
     20871	    765124	     49283	         0	    168098	ADXV
     20871	    765123	     49281	         0	    168238	ADYH
     20871	    999892	     64551	         0	    334788	AFAM
     20872	    267747	     12460	         0	      9148	AE017283
     20872	    553199	     31005	         0	     26568	CP001977
     20872	    765115	     49265	         0	    166858	ADXW
     20872	    765105	     49245	         0	    166868	ADZV
     20872	    765110	     49255	         0	    166878	ADZT
     20872	    765090	     49213	         0	    166888	ADZO
     20872	    765121	     49277	         0	    166898	ADZR
     20872	    765099	     49231	         0	    166918	ADZW
     20872	    765068	     49167	         0	    167798	ADZA
     20872	    765087	     49207	         0	    167808	ADZC
     20872	    765066	     49163	         0	    167818	ADZD
     20872	    765077	     49187	         0	    167828	ADZE
     20872	    765074	     49179	         0	    167838	ADZF
     20872	    765102	     49239	         0	    167848	ADZK
     20872	    765100	     49233	         0	    167858	ADZL
     20872	    765098	     49229	         0	    167868	ADZM
     20872	    765097	     49227	         0	    167878	ADZN
     20872	    765096	     49225	         0	    167888	ADZP
     20872	    765094	     49221	         0	    167898	ADZQ
     20872	    765116	     49267	         0	    167908	ADZS
     20872	    765083	     49199	         0	    167918	ADYA
     20872	    765101	     49237	         0	    167928	ADYC
     20872	    765085	     49203	         0	    167938	ADYD
     20872	    765070	     49171	         0	    167948	ADYN
     20872	    765065	     49161	         0	    167958	ADYO
     20872	    765093	     49219	         0	    167968	ADYP
     20872	    765067	     49165	         0	    167978	ADZB
     20872	    765113	     49261	         0	    167988	ADYK
     20872	    765106	     49247	         0	    167998	ADYL
     20872	    765073	     49177	         0	    168008	ADYM
     20872	    765107	     49249	         0	    168018	ADYU
     20872	    765078	     49189	         0	    168038	ADYY
     20872	    765076	     49183	         0	    168048	ADYZ
     20872	    765072	     49175	         0	    168058	ADXP
     20872	    765075	     49181	         0	    168068	ADXR
     20872	    765092	     49217	         0	    168078	ADXS
     20872	    765086	     49205	         0	    168088	ADXU
     20872	    765111	     49257	         0	    168108	ADXX
     20872	    765108	     49251	         0	    168118	ADXY
     20872	    765104	     49243	         0	    168128	ADXZ
     20872	    765084	     49201	         0	    168138	ADYE
     20872	    765071	     49173	         0	    168148	ADZG
     20872	    765069	     49169	         0	    168158	ADZH
     20872	    765122	     49279	         0	    168168	ADZI
     20872	    765120	     49275	         0	    168178	ADZJ
     20872	    765081	     49195	         0	    168188	ADXQ
     20872	    765088	     49209	         0	    168198	ADXT
     20872	    765103	     49241	         0	    168208	ADYB
     20872	    765080	     49193	         0	    168218	ADYF
     20872	    765079	     49191	         0	    168228	ADYG
     20872	    765119	     49273	         0	    168248	ADYI
     20872	    765118	     49271	         0	    168258	ADYJ
     20872	    765089	     49211	         0	    168268	ADYQ
     20872	    765117	     49269	         0	    168278	ADYR
     20872	    765114	     49263	         0	    168288	ADYS
     20872	    765112	     49259	         0	    168298	ADYT
     20872	    765095	     49223	         0	    168308	ADYV
     20872	    765091	     49215	         0	    168318	ADYW
     20872	    765082	     49197	         0	    169888	ADYX
     20872	    679194	     40679	         0	    222758	ADFS
     20872	    679195	     40681	         0	    224078	ADJL
     20872	    686659	     41555	         0	    224118	ADJM
     20872	    765057	     40729	         0	    255288	ADWB
     20872	    765061	     40721	         0	    255298	ADWF
     20872	    765064	     40715	         0	    255308	ADWI
     20872	    765058	     40727	         0	    255318	ADWC
     20872	    765063	     40717	         0	    266198	ADWH
     20872	    909952	     56091	         0	    281688	CP002409
     20872	   1031709	     66845	         0	    288478	CP002815
     20872	    936047	     64685	         0	    289468	AFIK
     20872	    936048	     64687	         0	    289508	AFIL
     20872	   1005703	     65579	         0	    297808	AFUK
     20872	   1091045	     73675	         0	    310788	CP003084
     20872	    450748	     39413	         0	    316418	ACUE
     20872	   1114966	     76699	         0	    322658	CP003195
     20872	   1114967	     76701	         0	    322678	CP003196
     20872	   1114969	     76703	         0	    322698	CP003197
     20872	    679193	     40675	         0	    333868	AFUM
     20872	   1051006	     68569	         0	    337688	AFUN
     20872	   1136877	     81741	         0	    434058	AIJP
     20872	   1234380	    175596	         0	    438388	CP003877
     20872	   1276649	    184922	         0	    552588	AOGR
     20872	   1134454	     81129	         0	    599448	CP003293
     20873	    446470	     19713	         0	     25348	CP001778
     20874	    512565	     29027	         0	    408118	AP012319
     20875	    134676	     76835	         0	    319878	CP003170
     20876	    369723	     16342	         0	     17228	CP000667
     20876	    999544	     74471	         0	    602448	AQZE
     20876	    999543	     75077	         0	    602458	AQZG
     20876	    999545	     87031	         0	    602568	AQZW
     20876	   1169193	    175182	         0	    604098	ARHI
     20876	   1169191	    175183	         0	    604108	ARHJ
     20876	   1169184	    175185	         0	    604118	ARHK
     20876	   1169180	    175186	         0	    604128	ARHL
     20876	   1169192	    175188	         0	    604148	ARHN
     20876	   1169181	    175189	         0	    604158	ARHO
     20876	   1169198	    175190	         0	    604168	ARHP
     20876	   1169195	    175191	         0	    604178	ARHQ
     20876	   1169187	    175149	         0	    605818	ARGG
     20876	   1169182	    175150	         0	    605828	ARGH
     20876	   1169186	    175151	         0	    605838	ARGI
     20876	   1169194	    175152	         0	    605848	ARGJ
     20876	   1169189	    175153	         0	    605858	ARGK
     20876	   1169190	    175155	         0	    605868	ARGL
     20876	   1169188	    175156	         0	    605878	ARGM
     20876	    999542	     74383	         0	    610378	AQZB
     20876	   1050198	     86629	         0	    610438	AQZV
     20876	   1050199	     86079	         0	    610888	ARTO
     20877	    391037	     17109	         0	     19068	CP000850
     20877	   1137264	    169783	         0	    603678	AREQ
     20877	   1144930	    169796	         0	    603688	ARER
     20877	   1169178	    175171	         0	    603988	ARGX
     20877	   1169170	    175172	         0	    603998	ARGY
     20877	   1169174	    175173	         0	    604008	ARGZ
     20877	   1169168	    175174	         0	    604018	ARHA
     20877	   1169169	    175175	         0	    604028	ARHB
     20877	   1169171	    175176	         0	    604038	ARHC
     20877	   1169162	    175177	         0	    604048	ARHD
     20877	   1169179	    175178	         0	    604058	ARHE
     20877	   1169166	    175179	         0	    604068	ARHF
     20877	   1169177	    175180	         0	    604078	ARHG
     20877	   1169173	    175181	         0	    604088	ARHH
     20877	   1169185	    175187	         0	    604138	ARHM
     20877	   1169163	    178042	         0	    604438	ARIQ
     20877	   1169176	    182420	         0	    604958	ARKR
     20877	   1169175	    182421	         0	    604968	ARKS
     20877	   1169167	    182422	         0	    604978	ARKT
     20877	   1169164	    182424	         0	    604988	ARKV
     20877	   1169165	    182423	         0	    606928	ARKU
     20877	    999546	    165283	         0	    610528	ARBB
     20878	    644283	     37957	      6196	    167478	CP002162
     20878	    648999	     38291	      8473	    240798	CP002399
     20878	   1169151	    175170	         0	    603978	ARGW
     20879	    219305	     33595	         0	    188518	ACES
     20880	    263358	     59863	         0	    266368	CP002638
     20881	    526225	     29547	         0	     26148	CP001867
     20882	   1146883	     82915	         0	    407558	FO117623
     20883	    298654	     37913	         0	    201638	CP002299
     20884	    298655	     61207	         0	    319308	AGJN
     20885	    656024	     39113	    713636	    286728	CP002801
     20886	    102897	     38795	         0	    223318	ADGX
     20887	    298653	     13915	         0	     18808	CP000820
     20887	    365528	    169728	         0	    603448	ARDT
     20888	    106370	     13963	         0	     14148	CP000249
     20889	    326424	     17403	         0	    353598	CT573213
     20889	    710111	     63325	         0	    390408	AJWA
     20891	    479433	     21085	         0	     24828	CP001700
     20892	    452652	     19951	         0	    388958	AP010968
     20893	    445600	     91113	         0	    379438	AJTQ
     20893	   1123321	    182442	         0	    606968	ARLC
     20894	    465541	     28547	         0	    180718	ABJF
     20894	    253839	     33601	         0	    188638	ACEW
     20894	    465541	    207881	         0	    707198	ATCJ
     20896	    591167	     33771	    191232	    242958	CP002475
     20896	    862751	     38225	         0	    301198	CP002993
     20896	   1265601	    182709	         0	    588548	CP003990
     20896	   1155717	    169752	         0	    607938	ARPI
     20898	    455632	     20085	         0	     11408	AP009493
     20898	    457431	     32147	         0	    183818	ABYB
     20898	    457430	     32281	         0	    184298	ABYX
     20898	    649189	     38279	    713595	    250988	ADFC
     20898	   1055352	     74679	         0	    323908	AGSW
     20898	   1085628	     73091	         0	    349208	AGDF
     20898	   1172567	    158251	         0	    383388	AJUO
     20898	   1155715	    169725	         0	    603418	ARDQ
     20898	   1156841	    169733	         0	    603468	ARDV
     20898	   1169156	    178488	         0	    604618	ARJI
     20898	   1303692	    192408	         0	    643538	CP005080
     20900	    457429	     28553	         0	    180838	ABJI
     20901	   1114943	     76771	         0	    424088	AJSZ
     20902	    443255	     19249	         0	    171668	ADWJ
     20902	    443255	     28551	         0	    180798	ABJH
     20902	    443255	     42475	         0	    198458	ADGD
     20903	    465543	     28549	         0	    180758	ABJG
     20903	    591157	     33597	         0	    188598	ACEU
     20903	    683219	     49357	         0	    226138	ADXA
     20903	    682181	     49359	         0	    226158	ADXB
     20903	    355249	     63579	         0	    282028	AFHJ
     20904	    457425	     32149	         0	    183858	ABYC
     20904	    889487	     66093	         0	    424988	CADY
     20904	   1195457	    167560	         0	    426988	AMPN
     20904	    457425	    180996	         0	    582108	CP004370
     20904	   1155716	    169720	         0	    603378	ARDM
     20904	   1169159	    177736	         0	    604408	ARIN
     20905	   1116232	     77031	         0	    345248	AHBF
     20906	    680198	     40749	         0	    111938	FN554889
     20906	   1054862	    176092	         0	    581688	AOCF
     20906	   1054862	    104983	         0	    610898	ARTP
     20907	    227882	       189	         0	     10568	BA000030
     20908	    457428	     33603	         0	    188678	ACEY
     20908	    100226	       242	         0	    265608	AL645882
     20908	   1120227	     78167	         0	    350528	AHGS
     20908	   1073567	     71265	         0	    373758	AGNH
     20908	    579932	    189794	         0	    695528	APIV
     20908	   1200984	    168962	         0	    697878	APVM
     20909	    463191	     28555	         0	    180878	ABJJ
     20909	   1172183	    187948	         0	    610908	ARTQ
     20909	   1172180	    187950	         0	    610928	ARTS
     20910	    700597	     71331	         0	    303238	AGBF
     20911	    996637	     63573	         0	    277218	AEYX
     20912	    566461	     32145	         0	    183778	ABYA
     20912	    467200	     33609	         0	    188738	ACFA
     20912	    665577	     63193	         0	    503108	AJFD
     20912	   1284664	    186841	         0	    552308	AOHP
     20912	   1157639	    169738	         0	    603498	ARDY
     20914	    645465	     38051	         0	    196278	ACUR
     20914	   1157638	    169758	         0	    603608	AREJ
     20914	   1157634	    169737	         0	    610618	ARPE
     20915	    591159	     33607	         0	    188718	ACEZ
     20915	   1079986	     72673	         0	    305808	AGDE
     20917	   1003195	     65103	         0	    320038	FQ859185
     20917	   1003195	     78941	         0	    322848	CP003219
     20918	   1038929	     67543	         0	    294838	AFRP
     20919	    749414	     46847	         0	    113018	CP002047
     20920	    653045	     43031	     16986	    300768	CP002994
     20921	    457427	     33605	         0	    188658	ACEX
     20922	    351607	     16097	         0	     15828	CP000481
     20923	    479432	     21083	         0	     25668	CP001814
     20924	    469371	     20737	         0	    113278	CP001874
     20925	    471852	     20825	         0	     25188	CP001738
     20926	    446468	     19709	         0	    113618	CP002040,CP002041
     20926	   1245476	    178005	         0	    540758	ANAW
     20926	   1169153	    183361	         0	    607288	ARMI
     20927	    269800	        94	         0	     13208	CP000088
     20927	   1169414	    157355	         0	    693408	AOSG
     20928	    871571	     51375	         0	    169738	AEET
     20928	    585199	     34633	         0	    191978	ACKW
     20928	    596328	     34103	         0	    221578	ADBR
     20928	    866770	     51063	         0	    234538	AEGV
     20929	    585198	     34631	         0	    169298	AEEE
     20929	    887326	     52983	         0	    245028	AEPY
     20929	    887899	     52991	         0	    245048	AEPZ
     20929	    548479	     31519	         0	    257358	CP001992
     20930	    644284	     37925	         0	    112998	CP002045
     20931	    649743	     38311	         0	    196518	ACUY
     20932	    435830	     38761	         0	    327418	ACRN
     20933	    888056	     53017	         0	    294998	AFQC
     20934	    525246	     31429	         0	    188838	ACFH
     20937	    871541	     51265	         0	    227598	BABV
     20937	    706439	     43131	         0	    243528	AECW
     20937	    562973	     38743	         0	    250838	ACRE
     20937	    762963	     48493	         0	    266208	AFBL
     20937	    944560	     61829	         0	    300068	AFUR
     20937	    653386	     39355	         0	    327408	ACTB
     20937	   1115803	     78549	         0	    410168	ALJK
     20938	    525245	     31427	         0	    188798	ACFG
     20939	    888051	     53009	         0	    245138	AEUH
     20939	   1125717	     78895	         0	    398138	AKFS
     20941	    411466	     18171	         0	    179398	AAYI
     20941	    649742	     38309	         0	    197538	ACYT
     20941	    888052	     53011	         0	    244888	AEPP
     20941	    936548	     78551	         0	    399648	ALCA
     20941	   1105029	     78553	         0	    404358	ALCB
     20941	   1105030	     78555	         0	    404488	ALIY
     20941	   1203556	    169432	         0	    705638	ATCA
     20942	   1081644	     72843	         0	    367788	AJKR
     20943	    714083	     72623	         0	    310998	AGCW
     20944	    979556	     62249	         0	    353828	AP012052
     20945	    312284	     13373	         0	    177278	AAOB
     20945	   1112215	     76641	         0	    418378	AHWA
     20947	    281090	       212	         0	      8468	AE016822
     20948	    443906	     19643	         0	    353418	AM711867
     20948	     31964	       184	         0	    353438	AM849034
     20948	   1097677	     74519	         0	    575288	HE614873
     20949	   1074488	     71501	         0	    332908	AGBX
     20950	   1064537	     70629	         0	    337708	AGSO
     20951	    446465	     17026	         0	     24208	CP001643
     20952	    321955	       405	         0	    203698	AAGP
     20953	    585530	     34583	         0	    224858	ADNU
     20954	   1033736	     82613	         0	    457178	CAHK
     20955	    795955	     68173	         0	    329038	AFRW
     20956	    378753	     27833	         0	     11088	AP009152
     20956	   1029824	     66631	         0	    338148	AFID
     20957	    680646	     38547	         0	     11828	AP011540
     20957	    553201	     31405	         0	    219258	ACVO
     20957	    563033	     38789	         0	    316908	ACSB
     20958	   1125724	     78909	         0	    368358	AJJQ
     20959	    563032	     42539	         0	    166198	ADDW
     20959	    762948	     48447	         0	    255828	CP002280
     20960	   1045009	     67965	         0	    339308	AFXQ
     20961	    465515	     20655	         0	     24008	CP001628
     20961	    596312	     34071	         0	    221778	ADCD
     20961	    465515	     30571	         0	    228098	CABC
     20961	   1232675	    175355	         0	    530238	AMYK
     20962	    861360	     50353	         0	    258558	FQ311875
     20963	    288705	     19227	         0	     19688	CP000910
     20964	    290340	     12512	         0	     15728	CP000474
     20964	   1197706	    168078	         0	    401988	AKKK
     20964	   1118963	     78011	         0	    500778	CP003203
     20964	   1151118	    175168	         0	    603958	ARGU
     20965	    290399	     12640	         0	    257058	CP000454
     20965	   1157944	    175167	         0	    603948	ARGT
     20966	   1077972	     71847	         0	    324388	BAEG
     20967	    452863	     20011	         0	     22828	CP001341
     20967	   1158050	    175164	         0	    603918	ARGQ
     20967	   1151119	    175166	         0	    603938	ARGS
     20968	    930171	     20087	    710681	    245918	CP002379
     20968	    683150	    184692	         0	    527008	AOFD
     20969	    266940	     10689	         0	     18108	CP000750
     20970	    471853	     20827	         0	     23908	CP001618
     20971	    471856	     20833	         0	     24868	CP001706
     20972	    446466	     19707	         0	    113498	CP001964
     20973	    590998	     33691	    713615	    280638	CP002666
     20974	    593907	     33853	         0	    290328	CP002665
     20975	    446469	     19711	         0	     25728	CP001819
     20976	    446471	     19715	         0	     25768	CP001821
     20977	    743718	     49657	    713634	    285238	CP002810
     20978	    478801	     21067	         0	     24728	CP001686
     20979	   1043205	     67939	         0	    341508	AFYF
     20980	   1089455	     73367	         0	    366558	BAFE
     20981	    188626	     34079	         0	    235498	AEIQ
     20982	    313589	     13546	         0	    176398	AAMN
     20983	    710696	     43527	    713569	    238398	CP002343
     21373	    742818	     46425	         0	    425338	ADMD
     21374	   1118060	     82083	         0	    456188	CAGZ
     21375	   1231054	    174686	         0	    427518	AMPG
     21376	    857290	     49881	         0	    388598	AKCI
     21376	    857290	     49881	         0	    399218	AGZS
     21377	   1147128	     83029	         0	    439708	CP003325
     21378	    913338	     66877	         0	    420538	AJWB
     21378	    932036	     77735	         0	    602488	AQZJ
     21378	    932040	     77745	         0	    610398	AQZK
     21379	    883169	     52203	         0	    425308	AHAE
     21379	    883169	    170046	         0	    457468	CAJZ
     21380	   1203190	    169192	         0	    456758	CAJP
     21381	   1114962	     76807	         0	    450158	AGVX
     21382	   1077144	     72173	         0	    336528	AGFF
     21383	   1150591	     84345	         0	    367918	AJFI
     21384	   1122247	    175660	         0	    428508	AMRA
     21384	   1122247	    165409	         0	    602968	ARBU
     21385	   1150599	     84347	         0	    367898	AJFJ
     21386	    710421	     53215	         0	    385548	CP003053
     21387	   1194972	    167528	         0	    425628	ALQA
     21388	   1206726	    170629	         0	    450958	BAFV
     21389	   1206739	    170643	         0	    451218	BAGJ
     21390	   1206725	    170628	         0	    450938	BAFU
     21390	   1206734	    170637	         0	    451118	BAGE
     21392	   1110697	    170142	         0	    450628	BAFO
     21393	   1206740	    170644	         0	    451238	BAGK
     21394	   1206742	    170646	         0	    451278	BAGN
     21396	   1133849	     81085	         0	    448458	CP003876
     21396	   1206724	    170627	         0	    450918	BAFT
     21396	   1206736	    170640	         0	    451158	BAGH
     21397	   1206735	    170638	         0	    451138	BAGG
     21399	   1206721	    170624	         0	    450858	BAFS
     21399	   1206722	    170625	         0	    450878	BAFR
     21399	   1206723	    170626	         0	    450898	BAFP
     21399	   1206729	    170632	         0	    451018	BAFZ
     21399	   1206737	    170641	         0	    451198	BAGF
     21402	   1206730	    170633	         0	    451038	BAGA
     21403	   1206732	    170635	         0	    451078	BAGD
     21404	   1206733	    170636	         0	    451098	BAGC
     21405	   1206741	    170645	         0	    451258	BAFX
     21406	   1206731	    170634	         0	    451058	BAGB
     21407	   1206744	    170648	         0	    451318	BAGL
     21409	   1206720	    170623	         0	    450658	BAFQ
     21409	   1206727	    170630	         0	    450978	BAFW
     21409	   1206743	    170647	         0	    451298	BAGM
     21410	   1151061	    169195	         0	    456798	CAJY
     21411	   1108045	     76515	         0	    425428	BAHC
     21412	    767029	     49291	         0	    398788	CP002734
     21413	   1167628	    127369	         0	    393078	AKIO
     21413	   1125718	     78897	         0	    422808	AKFT
     21414	    521393	    164799	         0	    425648	AKGF
     21415	    888439	     52975	         0	    425368	AGWP
     21415	   1120945	    185520	         0	    728768	ATUW
     21416	   1118058	     82081	         0	    450178	CAGY
     21416	   1127690	     80239	         0	    529588	AMEW
     21417	    883077	     52101	         0	    425358	AGWQ
     21419	   1197720	    168054	         0	    427248	AKVP
     21419	   1247714	    178255	         0	    540568	AOSO
     21420	   1160710	     88485	         0	    371168	AJGR
     21420	     95616	     69965	         0	    528478	BADB
     21420	   1203549	    169458	         0	    705678	ATCC
     21421	   1194165	    159261	         0	    439998	CAJF
     21422	   1184607	    164773	         0	    425388	BAGZ
     21423	   1184609	    164775	         0	    425468	BAHD
     21424	   1210046	    170341	         0	    424598	ALWX
     21425	   1095772	     82329	         0	    456478	CAHH
     21426	   1095767	     82281	         0	    456358	CAHD
     21427	   1214064	    171360	         0	    447958	BAGU
     21428	   1176165	    159637	         0	    410058	CAJD
     21429	   1179225	    162451	         0	    410558	AJXN
     21430	    494419	    170988	         0	    420598	ALPM
     21431	   1150864	     84455	         0	    529698	CAIE
     21432	    477641	     82845	         0	    446878	FO203431
     21433	   1205910	    169662	         0	    420468	CP003788
     21433	   1245473	    177997	         0	    541058	ANAC
     21434	    953739	     62209	         0	    362948	FR845719
     21434	    260742	    159633	         0	    438468	AKXV
     21435	   1134445	     81125	         0	    369218	AJJM
     21437	   1133850	     81087	         0	    332148	CP003275
     21437	   1160705	     89157	         0	    526738	AMLP
     21437	   1203460	    169410	         0	    540678	CP003720
     21438	   1160718	     88535	         0	    406418	AJGV
     21438	   1157640	    169746	         0	    597878	AQWO
     21439	   1210045	    170575	         0	    424968	ALNP
     21440	   1203257	    169173	         0	    401748	ALAP
     22126	   1313172	     63297	         0	    560948	AP012057
     22127	   1313171	    187050	         0	    566078	BAOL
     22128	   1122228	    178477	         0	    599128	AQXR
     22129	   1120979	    185547	         0	    728888	ATVB
     22130	   1280701	    185720	         0	    729788	ATWW
     22131	   1121108	    185561	         0	    728948	ATVE
     22132	   1121109	    188848	         0	    730128	ATXM
     22133	   1254439	    179141	         0	    558758	CP004346
     22134	   1200352	    168617	         0	    725818	CP003696
     22135	   1121370	    165381	         0	    593328	AQUY
     22136	   1121355	    165373	         0	    602888	ARBM
     22137	   1125779	     78965	         0	    705598	ATBY
     22138	   1121356	    165375	         0	    593268	AQUW
     22139	   1121365	    169809	         0	    597618	AQXB
     22140	   1121362	    168616	         0	    541278	CP003697
     22141	   1121353	    190670	         0	    555368	CP004354
     22141	   1121353	    185570	         0	    728968	ATVF
     22142	   1035195	     67201	         0	    529488	AMEM
     22143	   1121367	    169811	         0	    597778	AQXC
     22144	   1121364	    185571	         0	    728988	ATVG
     22145	    558173	    165377	         0	    593118	AQUX
     22146	   1121363	    165249	         0	    602748	ARAV
     22147	   1121366	    169769	         0	    603668	AREP
     22148	   1232427	    181975	         0	    695148	CAVS
     22150	   1121354	    165371	         0	    592948	AQUV
     22151	   1089546	     82187	         0	    592628	AQUI
     22152	   1050202	     78921	         0	    610408	AQZN
     22153	    882085	     66541	         0	    610368	AICY
     22155	   1068980	     82633	         0	    608658	ARVW
     22156	   1238180	    175934	         0	    539878	ANMG
     22156	   1284240	    186747	         0	    551898	AOHO
     22156	   1125972	    161649	         0	    610498	ARAF
     22156	   1156913	     85603	         0	    688308	CP003410
     22157	   1123244	    165255	         0	    602768	ARAX
     22158	   1120934	    174972	         0	    605708	ARFV
     22159	   1179773	    183921	         0	    517358	HE804045
     22160	   1120948	    165357	         0	    602848	ARBI
     22161	   1292020	    188721	         0	    582178	AOSR
     22162	   1123258	    182439	         0	    605248	AQXZ
     22163	   1160137	    185291	         0	    607408	ARMU
     22164	   1268303	    187154	         0	    529268	CAPS
     22165	   1150676	    185375	         0	    607498	ARND
     22165	   1172184	    187947	         0	    610878	ARTN
     22166	   1273125	    183987	         0	    653468	APMY
     22167	   1278078	    185384	         0	    548598	AODO
     22169	   1121927	    170671	         0	    527448	BANT
     22169	   1121927	    185619	         0	    729068	ATVK
     22170	   1223542	    173186	         0	    554158	BAOP
     22171	   1223545	    173189	         0	    529938	BANX
     22172	   1223543	    173187	         0	    554198	BAOQ
     22173	    468556	    185240	         0	    605088	AQYG
     22174	   1172185	    187945	         0	    610868	ARTM
     22175	   1172186	    187944	         0	    610848	ARTK
     22176	    700508	    177066	         0	    503428	ANBI
     22176	   1273686	    183984	         0	    716748	AOHQ
     22177	    710686	     60055	         0	    517038	CP003078
     22178	   1157943	    169802	         0	    603718	AREU
     22178	   1120797	    187931	         0	    607648	ARNS
     22180	   1123488	    182444	         0	    728408	ATUF
     22181	    883066	     52091	         0	    502088	AGWL
     22182	    883067	     52093	         0	    705348	AGWM
     22183	   1120933	    185528	         0	    728808	ATUY
     22184	   1120947	    185522	         0	    728788	ATUX
     22185	    888050	     53007	         0	    588628	AQHZ
     22186	    883069	     52095	         0	    705368	AGWN
     22187	   1123507	    185675	         0	    729188	ATVQ
     22188	   1122602	    188871	         0	    730188	ATXP
     22189	   1276920	    185041	         0	    561328	AOCK
     22190	   1096756	    208966	         0	    714168	ATKN
     22191	   1120917	    174970	         0	    598498	AQXM
     22192	   1246476	    178057	         0	    587468	ANPE
     22193	   1236550	    176179	         0	    572738	ANHZ
     22194	   1292021	    188732	         0	    582188	AOSQ
     22195	   1278308	    185227	         0	    607328	ARMM
     22196	   1151122	    183360	         0	    605208	AQYD
     22197	   1151126	    185292	         0	    605068	AQYI
     22197	   1169146	    187941	         0	    610838	ARTJ
     22198	     96765	     69963	         0	    528458	BADA
     22199	   1121372	    188856	         0	    727788	AULK
     22200	   1121924	    195790	         0	    729548	ATWH
     22201	   1150399	    188330	         0	    605268	AQYK
     22201	   1169145	    187939	         0	    610758	ARTB
     22202	   1120959	    188809	         0	    729968	ATXF
     22203	   1120960	    188814	         0	    729988	ATXG
     22204	     95617	     69967	         0	    528498	BADC
     22205	   1121952	    188916	         0	    730268	ATXT
     22206	   1292022	    188733	         0	    582168	APJN
     22207	     95611	     69955	         0	    528378	BACW
     22207	     95614	     69961	         0	    528438	BACZ
     22208	   1330458	    201450	         0	    688118	ASHR
     22209	   1238186	    175945	         0	    566848	AOCN
     22210	   1292023	    188734	         0	    582158	APJM
     22210	   1122175	    188922	         0	    730288	ATXU
     22211	    883161	     52123	         0	    705388	AGZR
     22212	   1203605	    170349	         0	    708628	ATFL
     22213	   1171373	    158149	         0	    453438	CP003493
     22214	   1120954	    188800	         0	    729948	ATXE
     22215	    932039	    165267	         0	    592878	AQYZ
     22216	    932044	     77629	         0	    593058	AQUA
     22217	   1121272	    165369	         0	    602878	ARBL
     22218	   1122182	    165405	         0	    602948	ARBS
     22219	   1120949	    165359	         0	    602858	ARBJ
     22220	    649831	    198760	         0	    653698	CP005929
     22222	   1203592	    169487	         0	    705718	ATCE
     22223	   1169157	    175192	         0	    604188	ARHR
     22223	   1169160	    175193	         0	    604198	ARHS
     22223	   1169161	    175195	         0	    604218	ARHU
     22224	   1157632	    169759	         0	    597978	AQWQ
     22224	   1157629	    169735	         0	    603488	ARDX
     22224	   1157633	    169741	         0	    603518	AREA
     22224	   1156843	    169742	         0	    603528	AREB
     22224	   1157635	    169754	         0	    603588	AREH
     22225	   1169154	    175194	         0	    604208	ARHT
     22226	   1169158	    178490	         0	    597568	AQPE
     22226	   1169155	    177735	         0	    604398	ARIM
     22227	   1054860	    157921	         0	    610478	ARAD
     22228	   1156844	    169744	         0	    603548	ARED
     22229	   1286094	    186840	         0	    709448	AOPZ
     22230	    698760	     42361	         0	    521908	AEJB
     22231	   1172181	    187949	         0	    610918	ARTR
     22232	   1312234	    195905	         0	    591828	BARF
     22232	   1306990	    198447	         0	    598848	BARG
     22233	   1155714	    169751	         0	    603578	AREG
     22234	   1214101	    177086	         0	    561808	HE971709
     22234	   1078086	     72491	         0	    705538	AGER
     22235	    698759	     42363	         0	    504328	AEJC
     22236	   1123322	    165457	         0	    603128	ARCK
     22237	   1223523	    188290	         0	    552028	AORZ
     22238	   1265868	    182749	         0	    522218	ANSJ
     22239	   1155718	    169745	         0	    603558	AREE
     22239	   1316445	    196135	         0	    695208	AROY
     22240	   1157637	    169757	         0	    603598	AREI
     22241	   1123320	    165453	         0	    603118	ARCJ
     22242	   1048339	     88125	         0	    610448	AQZX
     22243	    222534	    170084	         0	    605598	ARFH
     22244	   1283283	    186458	         0	    729868	ATXA
     22245	   1246485	    178054	         0	    540838	ANBF
     22246	   1246445	    178034	         0	    540778	ANAY
     22247	   1246474	    178053	         0	    540958	ANBE
     22248	   1246444	    178032	         0	    540878	ANAX
     22249	   1246461	    178052	         0	    540818	ANBD
     22250	   1246460	    178051	         0	    540938	ANBC
     22251	   1246448	    178035	         0	    540798	ANAZ
     22251	   1237500	    178038	         0	    540898	ANBA
     22251	   1245475	    178003	         0	    541098	ANAE
     22252	   1235441	    178055	         0	    540978	ANBG
     22253	    570268	    178039	         0	    540918	ANBB
     22254	   1246475	    178056	         0	    540998	ANBH
     22255	   1236902	    176245	         0	    541038	ANAS
     22255	   1245472	    177989	         0	    541078	ANAD
     22256	    561175	    174170	         0	    605638	ARFO
     22257	   1120936	    185238	         0	    607388	ARMS
     22258	   1122611	    165411	         0	    602978	ARBV
     22259	   1120950	    169810	         0	    603728	AREV
     22260	   1122138	    165397	         0	    593348	AQUZ
     22261	   1283287	    186468	         0	    588758	AQOZ
     22262	   1203568	    169448	         0	    708688	ATFO
     22263	   1249481	    178738	         0	    534618	AORC
     22264	   1123065	    195805	         0	    729648	ATWL
     22266	   1172178	    187946	         0	    609458	ARQM
     22267	   1242247	    181978	         0	    508168	CAOI
     22268	   1229781	    174308	         0	    499268	AMSP
     22269	   1172188	    187938	         0	    610938	ARTT
     22270	   1193181	    196957	         0	    592038	CAIZ
     22271	   1121385	    182401	         0	    599068	AQXW
     22272	   1122622	    195797	         0	    729608	ATWJ
     22273	   1123251	    195809	         0	    729668	ATWM
     22274	   1235794	    175986	   1730995	    726418	ASSY
     22276	    657308	     39175	         0	    272618	FP929047
     22278	   1232436	    177109	         0	    508228	CAPF
     22278	   1232426	    177105	         0	    528858	CAPI
     22279	    997872	     64799	         0	    587288	AGXC
     22280	   1203602	    170346	         0	    705778	ATCH
     22281	   1122939	    182432	         0	    728368	ATUD
