446033624
446180422
446180427
446180432
446190598
446190626
446547568
487720493
487784407
487908652
488009258
488123615
488196798
488261858
488303416
488475621
488483344
488496070
488621186
488626963
488627790
488675529
488681940
488693537
488721398
488731705
488751009
488779417
488782898
488785961
488797929
488815140
488856648
488899682
488900422
488914058
488927190
488939328
488966754
488970413
489030888
489042415
489064933
489066220
489083170
489180285
489218382
489237891
489240229
489256677
489304649
489313529
489414798
489423212
489443641
489519738
489558268
489574030
489591797
489626430
489661490
489716129
489724437
489734874
489752461
489762923
489781334
489786196
489790558
489807855
489868572
489869700
489880470
489913103
489919371
489948666
489954254
489962600
489975532
489990823
490024727
490036580
490071211
490091335
490104387
490106361
490123936
490124236
490127110
490156738
490161601
490170099
490175142
490175560
490185690
490208192
490220390
490243153
490268768
490297806
490324495
490328555
490349300
490357450
490385930
490411022
490457138
490459890
490463730
490470629
490483744
490490616
490490941
490554423
490555995
490558587
490558945
490561714
490562692
490642801
490645610
490715618
490719097
490737709
490747420
490752893
490769644
490922865
490930381
490933992
490941708
490944449
490954626
490962337
490965703
490974174
490977052
490983161
490987274
491009381
491055042
491055143
491063206
491101734
491116082
491124445
491136853
491140698
491148866
491155539
491167167
491177294
491198671
491290870
491362444
491401498
491425114
491431892
491437487
491453552
491477938
491521454
491540449
491551157
491572108
491604760
491611792
491616036
491622245
491649646
491649826
491652929
491663990
491683979
491725051
491763607
491810839
491816052
491839971
491876060
491920813
491941616
491952460
492150351
492179310
492338047
492405857
492419220
492503829
492542886
492558366
492558921
492752219
492828888
492829121
492840099
492844148
492847775
492850777
492856959
492904950
492910883
492914958
492944709
492952066
492960346
492969102
493034357
493102164
493212210
493244229
493290378
493302139
493316929
493322678
493324029
493336162
493337690
493343974
493347232
493352922
493355705
493385754
493387529
493417687
493463428
493485391
493498289
493500110
493537781
493550666
493556843
493563419
493572382
493593909
493604084
493606196
493609736
493625966
493637616
493639470
493646543
493657269
493659743
493676882
493688074
493733770
493740224
493752254
493769697
493774209
493780720
493800296
493820396
493839945
493843056
493861532
493867438
493875291
493902248
493904688
493906811
493912182
493939520
493942659
493945049
493945991
493968464
493968628
493972703
493986274
493991970
493999912
494002315
494007270
494023578
494031605
494038105
494043780
494047439
494058349
494064649
494074196
494080018
494101460
494105542
494108932
494126982
494129667
494137704
494149686
494178785
494186735
494195048
494196130
494223486
494228317
494249018
494255474
494269931
494285616
494310752
494341702
494356533
494367642
494421466
494432516
494436800
494438734
494442982
494450967
494464437
494477366
494487677
494492633
494515782
494533570
494576329
494588056
494603954
494627036
494632618
494634404
494636168
494660414
494664614
494669416
494679786
494704679
494734489
494739672
494739882
494757914
494791797
494796970
494801353
494806817
494816560
494819960
494821329
494900762
494921699
494949382
494952140
494983908
495017799
495020753
495050470
495079647
495084083
495090563
495150966
495169102
495186049
495202678
495254114
495288172
495308899
495317831
495346278
495374173
495382647
495445689
495456022
495464553
495464810
495479996
495511602
495512914
495520912
495531414
495534230
495539710
495556338
495560563
495571671
495589741
495591500
495611966
495612369
495624888
495638413
495638724
495650636
495670293
495688887
495699864
495706277
495713261
495717966
495745051
495792819
495793164
495796351
495799157
495819030
495838211
495863271
495875373
495887227
495901186
495912087
495957518
495964067
495965637
495986570
495991772
495992642
496004778
496032931
496065229
496067251
496101920
496113434
496134719
496138778
496142379
496143675
496145807
496151408
496157813
496159526
496166699
496176124
496177535
496218237
496230684
496240256
496262606
496272227
496280020
496291195
496312651
496346047
496349981
496365505
496371431
496386013
496397327
496405158
496408779
496426168
496429058
496430493
496431403
496434223
496453283
496458408
496460314
496471939
496486275
496491307
496501197
496508635
496511792
496513916
496543509
496584776
496676733
496702787
496719117
496722616
496746712
496825868
496832807
496840606
496876822
496999238
497053476
497070278
497071176
497081721
497090458
497103820
497160021
497219458
497219938
497226009
497231686
497240354
497241533
497256909
497260293
497290507
497294605
497298108
497308143
497330157
497364658
497437960
497452734
497458476
497464056
497467474
497486761
497516400
497537244
497537835
497559015
497570902
497644715
497686725
497711394
497730271
497764974
497821787
497827204
497828621
497833516
497842645
497854455
497917502
497925136
497928258
497940911
497946011
497953707
497972192
497988644
498002754
498006780
498009387
498083175
498103913
498125962
498164843
498172607
498173922
498190519
498209101
498209550
498212586
498216497
498219822
498234430
498255086
498265704
498271027
498283997
498287849
498308113
498339623
498345820
498350649
498354901
498446562
498797312
499073127
499175185
499178144
499184512
499194111
499212016
499219117
499222249
499227794
499240633
499245026
499262375
499324339
499329454
499335195
499369947
499382625
499390314
499403879
499408804
499437513
499439087
499448280
499450691
499454364
499466848
499473900
499488046
499496819
499499443
499501755
499508981
499514453
499566302
499570893
499583913
499598923
499602822
499603138
499625694
499630563
499642406
499660933
499676432
499681928
499692682
499695582
499699280
499704145
499718257
499722090
499732099
499732987
499736752
499738598
499749740
499752412
499760981
499769103
499769791
499774693
499779683
499797199
499799018
499802875
499819645
499825137
499840636
499845728
499861514
499874575
499878658
499883643
499891414
499896510
499926118
499928509
499930174
499948867
499954321
499956010
499962601
499966054
499991819
500001963
500017917
500027343
500032774
500039659
500056001
500058484
500067829
500073949
500075936
500080666
500133201
500138252
500144140
500145710
500150293
500214584
500233699
500259519
500425446
500478732
500594196
500639327
500688800
500719617
500726082
500798826
500835479
500953876
500975286
501013454
501016301
501056324
501098323
501114330
501124810
501138571
501144312
501150663
501156106
501165429
501184214
501192744
501200069
501200962
501227816
501243816
501255181
501264551
501266639
501317802
501327357
501328432
501345651
501347194
501357990
501367127
501380253
501383252
501388160
501437632
501439255
501447301
501448826
501458574
501489511
501493269
501496111
501498098
501506833
501514396
501541178
501550379
501561937
501568876
501579233
501684008
501770348
501848535
501884806
501936464
501938094
501981704
502015348
502024947
502204864
502286005
502415928
502432242
502437414
502444798
502489805
502528205
502592807
502605416
502619351
502621437
502622773
502627631
502635685
502638985
502644239
502645292
502674135
502693799
502699657
502718912
502728352
502731451
502757534
502758378
502771827
502776815
502779066
502782484
502798424
502803548
502809249
502810415
502813599
502823874
502830547
502832569
502852855
502865807
502871414
502876463
502881740
502885255
502899612
502904573
502908953
502913033
502916317
502926369
502928224
502934844
502944269
502947985
502951604
502958838
502977648
502983485
502988886
503014308
503022591
503029130
503031944
503034934
503043587
503045811
503058766
503064575
503067725
503070363
503080663
503091370
503101061
503119993
503146140
503174887
503184955
503187613
503216874
503220821
503223062
503224438
503226992
503235023
503245644
503248195
503258438
503263663
503271706
503281936
503287888
503299928
503316156
503319862
503323125
503326809
503329805
503351699
503365809
503372233
503378205
503386746
503395959
503404346
503422765
503430074
503433962
503442127
503447836
503452569
503461011
503469325
503473181
503474079
503476049
503477769
503485353
503493124
503504651
503505943
503507441
503512113
503515737
503522384
503524316
503531055
503536599
503547442
503564748
503589522
503595465
503598607
503604284
503613213
503628322
503640746
503643796
503652691
503664230
503666989
503674606
503675731
503687932
503692833
503698257
503708506
503734794
503752560
503776212
503786968
503792600
503799145
503801031
503817065
503864893
503868890
503893774
503896513
503911167
503924852
503929339
503930776
503942055
503957131
503968327
503979987
503981464
503988173
503991415
504006157
504008955
504012168
504013426
504027978
504033741
504055511
504063110
504079057
504091409
504120159
504122332
504190378
504204318
504215100
504221072
504248268
504250409
504263206
504266232
504268917
504312285
504312837
504324381
504370496
504372464
504386256
504405858
504437400
504479119
504488180
504494577
504508923
504516213
504521800
504539603
504543028
504547512
504555248
504558197
504563508
504581103
504591995
504594629
504604124
504607779
504610430
504614537
504620153
504624638
504669252
504673298
504701980
504706816
504707981
504745820
504747525
504766058
504768169
504770039
504774943
504777387
504799909
504818718
504831491
504834646
504837565
504841129
504849383
504883791
504895953
504897079
504901392
504905633
504933097
504936470
504943716
504946444
504949501
504973923
504976605
504982535
504985444
504990929
505002192
505007804
505016018
505021524
505045112
505050055
505050897
505075882
505092603
505100218
505116517
505130676
505139282
505142930
505150671
505157441
505171945
505173409
505209183
505210826
505214091
505217208
505226203
505232749
505238472
505245500
505255208
505263434
505265280
505278764
505294703
505295329
505300464
505302967
505312968
505316960
505337565
505363996
505406036
505437818
505443495
505454795
505470787
505587112
505729993
505936248
506212097
506212862
506223481
506228539
506232593
506240624
506247560
506254769
506259000
506259329
506272172
506278300
506286914
506293174
506296971
506300085
506307780
506343754
506349155
506354032
506363278
506378277
506380422
506383884
506388487
506396513
506402241
506408662
506428196
507076832
510808310
511024840
511036468
511099377
511277497
511280629
511293412
511307917
512456079
512541034
512611212
512624643
512700749
512724869
513861267
513881700
514920019
514958071
514974844
515147319
515280611
515326855
515379464
515422429
515487622
515555665
515593242
515744416
515805170
515829412
515831238
515862228
515872641
515896956
515917937
516020478
516041329
516067365
516078943
516092835
516123910
516145623
516150177
516181505
516255474
516262213
516264472
516267590
516270828
516342793
516349650
516380046
516405002
516433746
516441801
516451531
516499800
516501051
516540925
516542977
516551572
516563610
516577545
516579898
516580967
516596206
516599014
516628085
516647853
516651989
516654801
516663623
516670157
516679504
516680351
516702515
516721146
516758380
516789172
516800535
516802624
516823788
516828923
516846349
516878207
516884828
516893605
516899492
516929896
516965794
516970265
516978219
516978818
516984983
516994908
517026129
517029419
517042317
517069547
517093512
517097953
517109233
517109393
517113659
517136385
517145997
517149122
517151182
517164700
517167696
517168476
517172147
517186452
517203557
517211271
517218760
517221830
517239290
517262738
517274147
517277043
517288081
517329075
517350760
517355614
517387976
517401952
517417758
517424976
517429831
517442209
517459579
517460618
517488101
517489512
517511818
517528176
517534096
517534909
517544826
517548118
517565857
517577305
517601443
517607275
517680812
517694299
517748052
517762436
517782907
517792857
517794103
517799771
517830127
517844114
517867435
517881018
517898571
517945609
517948940
517959548
517967323
517988644
518004630
518008923
518014187
518043340
518053561
518060463
518068341
518072072
518074670
518099174
518140658
518172171
518216493
518221633
518233459
518258513
518289846
518294468
518310280
518313304
518329612
518344628
518368236
518372558
518382958
518385983
518410818
518414613
518449052
518450542
518464636
518472180
518494037
518596204
518604553
518671628
518733383
518736788
518752441
518790232
518805905
518819815
518822779
518827193
518833055
518839292
518844425
518846623
518852764
518863608
518867106
518873849
518875835
518878467
518881908
518888163
518899337
518907645
518915746
518924766
518930256
518946156
518965090
518982893
519000351
519002010
519020602
519025977
519029421
519042994
519060755
519065688
519091779
519096369
519100125
519104047
519110109
519664474
520804755
520955089
521046102
521059213
521064809
521066943
521072669
521254813
521283822
521287146
521294523
521955278
521970587
521982716
521992455
522006672
522021623
522023850
522058852
522064463
522073137
522101122
522133263
522137063
522165338
522175518
522175594
522192839
522199298
523652690
527024242
527029590
527041007
504662561
505324430
504671123
497063333
491482341
500185430
494120306
487826678
490630622
491482339
490623483
495358228
490481071
518056757
520975165
