446317478
487723421
488082091
488284991
488379138
488410186
488472349
488621361
488693191
488703511
488726180
488732063
488778266
488782632
488788484
488799895
488813018
488862826
488897263
488899258
488903933
488906197
488926288
489036777
489087598
489111748
489132415
489184303
489235915
489270591
489416799
489426066
489449407
489487018
489504795
489516343
489624400
489692912
489709375
489747755
489752622
489775509
489777680
489845579
489888543
489899607
489911081
489961537
490107583
490112513
490124225
490127983
490130011
490134426
490137322
490145252
490176220
490180830
490187828
490191495
490202979
490247181
490285167
490348850
490351243
490390723
490409486
490439886
490442492
490462994
490559277
490563981
490693075
490715298
490730305
490733862
490747764
490754634
490921778
490929461
490939953
490962974
490965094
490976329
491137083
491142910
491149274
491163893
491179743
491187262
491308788
491336677
491366412
491409915
491434192
491496656
491541024
491576677
491634259
491661645
491683136
491923069
491925271
492186882
492311384
492421768
492615156
492752264
492764063
492776815
492833268
492849344
492869301
492905282
492950480
493147251
493171839
493203555
493331527
493335600
493344475
493347811
493353891
493386015
493386570
493396904
493517418
493546809
493551989
493571768
493603036
493611864
493621205
493631342
493647335
493733387
493739797
493767771
493824410
493835000
493854977
493859270
493928605
493940691
493942335
493946549
493970445
493986093
494003654
494021480
494029304
494035685
494059394
494062322
494067442
494110020
494138884
494160880
494172279
494287204
494336055
494401220
494424055
494443412
494490346
494524953
494541676
494634440
494652458
494656683
494669640
494770519
494779408
494805363
494828606
494850944
494867268
494952316
494969837
494999653
495020058
495036416
495062914
495067963
495199877
495360795
495373138
495383442
495458231
495466533
495507119
495511917
495523715
495574308
495588311
495615210
495628669
495636416
495647943
495671752
495678172
495766569
495781712
495791753
495796003
495796957
495823135
495872981
495878483
495890879
495953305
495965531
495986405
496066312
496085913
496128648
496131296
496135294
496147199
496167667
496176505
496184074
496231124
496256015
496378353
496394809
496400919
496451178
496473705
496474535
496499281
496542035
496577292
496676009
496680020
496695030
496746433
496918157
496986648
496995548
497081278
497100414
497151929
497209648
497213271
497218383
497227012
497234142
497259787
497264491
497290057
497311273
497320043
497330215
497335564
497414962
497418592
497434691
497453800
497458933
497486939
497491621
497538495
497649354
497685684
497710360
497737863
497822931
497834515
497839842
497853198
497877329
497889679
497985279
498001270
498007192
498086073
498089583
498090518
498096964
498214831
498236177
498272954
498284257
498307469
498351899
498377022
498428681
499071980
499163738
499169188
499182387
499198777
499204139
499227850
499259913
499264193
499284527
499286318
499317829
499328293
499336381
499376944
499382776
499390364
499404107
499408698
499423572
499428754
499438397
499439009
499452625
499466776
499472155
499473935
499480273
499487074
499488322
499490801
499496380
499501727
499510550
499533340
499548837
499563392
499569710
499571183
499575349
499583972
499602005
499603045
499605353
499628262
499659669
499664457
499684965
499694715
499699389
499709764
499713203
499733828
499735480
499740307
499749313
499764173
499768482
499769681
499770929
499771842
499772974
499829320
499839775
499841296
499846309
499884380
499900282
499921566
499931788
499947473
499952939
499963015
499967108
499991996
500017694
500031807
500038425
500054706
500057666
500068773
500075892
500081321
500099588
500133037
500157790
500164689
500231899
500249145
500271207
500415882
500471162
500486835
500592703
500688540
500776018
500833798
500970357
500986129
501060314
501062405
501072084
501108732
501125047
501136827
501144264
501164369
501185996
501191606
501199026
501202545
501254736
501258360
501267112
501276168
501287324
501317363
501327424
501341420
501352716
501366122
501370630
501384016
501387795
501422012
501439571
501489798
501491185
501498352
501505192
501513851
501531761
501540524
501561457
501579013
501585321
501642795
501645152
501768596
501869637
501935702
501939508
502108445
502207052
502286017
502435050
502446452
502585438
502594222
502603591
502606255
502617744
502631336
502634975
502638183
502644144
502664997
502675790
502688167
502697455
502704002
502720669
502722153
502728508
502744725
502756675
502757845
502773489
502774740
502779891
502793928
502798357
502802831
502803648
502808455
502812284
502813052
502826637
502831068
502839248
502852745
502873781
502879326
502889346
502894735
502895846
502902118
502912063
502924306
502928699
502941404
502942560
502947583
502976243
502980070
502983565
502986102
503008994
503012910
503024753
503031877
503042183
503045020
503060337
503065939
503067249
503067657
503070232
503077245
503080781
503091185
503101242
503114977
503120104
503127749
503150660
503179267
503185892
503198327
503216965
503227813
503243797
503247456
503249672
503252094
503262008
503262139
503270316
503281857
503318406
503324768
503330286
503373841
503388968
503393725
503403149
503412444
503417822
503423845
503424787
503442804
503445900
503447704
503448999
503461203
503469847
503471761
503477372
503485474
503533038
503541570
503547680
503571202
503591910
503603762
503606295
503643978
503651584
503665553
503673991
503675477
503693362
503697975
503710395
503716491
503729149
503751193
503793199
503796038
503800899
503838872
503882863
503891648
503893623
503896842
503928806
504007044
504011824
504022850
504028846
504029813
504034631
504120006
504123226
504208948
504218811
504236733
504244589
504251183
504261975
504264826
504266562
504267550
504359014
504366728
504370560
504372677
504387799
504397127
504398944
504437086
504494171
504549897
504555756
504559045
504565465
504580946
504603200
504611860
504616592
504619263
504625849
504660156
504667795
504698701
504700926
504707082
504718900
504747202
504766258
504767928
504771727
504776062
504781300
504819417
504821760
504825086
504832098
504860082
504864518
504865970
504900834
504904905
504931613
504938677
504977247
504980456
504998930
505013780
505016198
505031296
505036359
505040024
505044001
505045215
505049684
505050605
505051725
505057003
505085727
505094594
505138826
505150758
505163015
505173169
505173416
505209591
505225223
505229470
505233130
505237758
505250482
505253284
505281274
505283515
505295437
505306673
505314602
505318196
505326658
505348466
505353375
505375829
505455071
505730230
505823238
505936177
506223355
506226669
506232716
506248150
506251104
506255164
506258716
506278092
506279725
506294013
506308141
506349507
506376865
506382551
506385722
506402229
506422019
507078027
510804708
511027505
511031643
511039495
511079663
511276789
511294721
512486867
512726157
513862455
513873650
514979806
515068604
515278744
515285376
515490119
515752641
515760031
515808821
515831897
515867023
515894956
515973202
516057256
516075476
516193496
516247230
516261182
516262996
516387479
516451847
516483427
516484502
516540389
516543712
516575555
516580260
516595482
516628485
516654299
516696484
516723104
516753833
516826276
516846446
516852792
516884345
516896186
516902425
516985404
516989685
516991766
517000304
517001660
517098527
517110134
517142088
517170043
517212605
517239023
517278091
517352316
517406945
517434609
517489088
517528957
517548686
517646955
517707888
517744470
517793087
517800175
517836211
517844426
517850335
517953331
517966118
517989191
518026373
518044077
518052333
518060653
518075786
518136659
518199465
518205326
518259091
518280811
518289294
518298432
518338681
518360901
518386900
518475838
518689943
518714480
518718092
518740320
518744221
518788885
518794170
518801024
518806410
518822373
518823043
518832578
518860223
518866978
518869249
518872566
518876330
518877400
518880143
518897900
518899401
518906417
518931494
518934272
518945524
518987369
519020284
519027775
519043982
519095611
519099407
519107565
519109138
519111972
519665207
520949321
521069357
521073040
521284070
521983210
521997270
522002315
522024047
522071207
522078300
522081137
522089746
522096558
522097278
522100839
522157218
522165689
522207766
522212727
527027777
527031814
487775193
503374393
495562950
491699459
504707888
504671326
504662736
505324475
491838395
