445952527
485761875
487787748
488002353
488506475
488621113
488645978
488709704
488726189
488732058
488782642
488862831
488895807
488922258
488925039
488933170
488936893
488970173
489003509
489031157
489046025
489073072
489073256
489087591
489235824
489262169
489327775
489426061
489462635
489514774
489566158
489610192
489692922
489709380
489752985
489823914
489853348
489871656
489928210
489961532
489965321
489970278
489976281
489980371
489983796
490020887
490035664
490109320
490112506
490124220
490125402
490132849
490137327
490146904
490161371
490169698
490187837
490202987
490240677
490353866
490400477
490414051
490463205
490482469
490563992
490604089
490651972
490693081
490703327
490705387
490728061
490733867
490833028
490927592
490933517
490943858
490965089
490971823
490974927
490976334
491007829
491137101
491149280
491158898
491163899
491169449
491179734
491187257
491335629
491409920
491428949
491474648
491504555
491510152
491516322
491574030
491576686
491662950
491750057
491761926
491837248
491902059
491923063
492311391
492421778
492724944
492737708
492845449
492848221
492849337
492869306
492904340
492982834
493170008
493212024
493287388
493316516
493345592
493353897
493376081
493485702
493501022
493549160
493551994
493562509
493595635
493605198
493631347
493647330
493667753
493676294
493732231
493751937
493754391
493755247
493774557
493795577
493844077
493853345
493860435
493895893
493986098
494021474
494032278
494035692
494042455
494054719
494056391
494075813
494110025
494138879
494142431
494151758
494155242
494226369
494237494
494336216
494424065
494490917
494504233
494524948
494541681
494600935
494607343
494643605
494656678
494661283
494666234
494733255
494770514
494805372
494814413
494818576
494841252
494846366
494900036
494928258
494952306
494960548
494969827
495020066
495078806
495183792
495199894
495258745
495286749
495307960
495310268
495319602
495336989
495374360
495383437
495470310
495507115
495561103
495563577
495591343
495627730
495636426
495749803
495766562
495769968
495791385
495791741
495796952
495823180
495860019
495878473
495993727
496015390
496085918
496117864
496140950
496147194
496250081
496315707
496352097
496356347
496364480
496424019
496429613
496439472
496452168
496456575
496457859
496485623
496490684
496492912
496501446
496509885
496520389
496550061
496680029
496703817
496709605
496746438
496827572
496990612
497067296
497081283
497151941
497209643
497227007
497251219
497264496
497290052
497330234
497461762
497474731
497515897
497545344
497571656
497572984
497573707
497574183
497634449
497649347
497664910
497697583
497831158
497834510
497839226
497853193
497918191
497937557
497985294
498000785
498001261
498007197
498072011
498164928
498210441
498272949
498284262
498310764
498349058
498377030
499071975
499163851
499176940
499182392
499184101
499189421
499205699
499219047
499225513
499238716
499245941
499248543
499258906
499259917
499269014
499286313
499302893
499312138
499322469
499328717
499336376
499368363
499390359
499404102
499408703
499425821
499428759
499445717
499456446
499466557
499478707
499488327
499496385
499510545
499583977
499602010
499603238
499623985
499659674
499682125
499687406
499694711
499704761
499713198
499723066
499725757
499735485
499740261
499753423
499768477
499841301
499850253
499862349
499884375
499891323
499947478
499952944
499960973
499963010
499991991
500006100
500016149
500017699
500031812
500038430
500068768
500076149
500081316
500095743
500102567
500157795
500168987
500486830
500516503
500641188
500739864
500776013
500800564
500833803
500970347
500981301
501004231
501032026
501032917
501044885
501054576
501060319
501071436
501125052
501138498
501144269
501151360
501164364
501184871
501197549
501199031
501202540
501215218
501220645
501239458
501266807
501276173
501327419
501341415
501352721
501387789
501434366
501439576
501443666
501445968
501448953
501452209
501489792
501491190
501493019
501496222
501532466
501539067
501541485
501561462
501568678
501579018
501585316
501589371
501642790
501689024
501727324
501768601
501783117
501846801
501884687
501935513
501940342
501979182
502274863
502417747
502435055
502446457
502496888
502510311
502579754
502585443
502591492
502606260
502617739
502618702
502620895
502622478
502638188
502644149
502665002
502688162
502694832
502697460
502705507
502715414
502730659
502736563
502756670
502757850
502762476
502774745
502779886
502781495
502788403
502802826
502803652
502808449
502812289
502852575
502865071
502873786
502884236
502902123
502915829
502925519
502935600
502942565
502947578
502959343
502980075
502983560
503012915
503024748
503031176
503045025
503057572
503060342
503067244
503067681
503078400
503080786
503095302
503109047
503114971
503127744
503150656
503153578
503173919
503179272
503185897
503195310
503211302
503216960
503223585
503224398
503235113
503249677
503258904
503270321
503281862
503302360
503318411
503323407
503324773
503330291
503335057
503346627
503363807
503369917
503373836
503388973
503393730
503403154
503412449
503430344
503435246
503447699
503450889
503461198
503471756
503477368
503485469
503513368
503516886
503521555
503525192
503533043
503536094
503543251
503547675
503591905
503596184
503600613
503603767
503624008
503627924
503643973
503648785
503673996
503675482
503691398
503693357
503697970
503710390
503716496
503720853
503732719
503733790
503751198
503762485
503768318
503786632
503793202
503796033
503838873
503861246
503869665
503878161
503882868
503893389
503924839
503927383
503969372
503975149
503981734
503986852
504007039
504012181
504029818
504039001
504062369
504113103
504120001
504123222
504227390
504236738
504244584
504251178
504261981
504266557
504267555
504286589
504327776
504359010
504370552
504372682
504375898
504398939
504494166
504498890
504539591
504543363
504549904
504559040
504600088
504601363
504611865
504616597
504619268
504625854
504660151
504667790
504701798
504707893
504747197
504750846
504758618
504767933
504771722
504794558
504809005
504819412
504832102
504865965
504900829
504922303
504926324
504931618
504942616
504949190
504953966
504974616
505000335
505008126
505040029
505044006
505045876
505056998
505085732
505117920
505135535
505138252
505147328
505173164
505173421
505211063
505229475
505231801
505237753
505242890
505253289
505283510
505295432
505336091
505361252
505380578
505431895
505455065
505587559
505730226
505936187
506219716
506223360
506226674
506260239
506278097
506279730
506286967
506294018
506296367
506331353
506349502
506354501
506376860
506385717
506402224
507078022
511031648
511276794
511307983
512542497
512547929
512610248
512726162
513866510
514979801
515475252
515491781
515521816
515565968
515744717
515879906
515890769
515894961
515973204
516015821
516076788
516173552
516247235
516263001
516266486
516330509
516342328
516403973
516435500
516440292
516483422
516496879
516500918
516565890
516568844
516575560
516580255
516611767
516624772
516663099
516668623
516678177
516696489
516752776
516753838
516799259
516846435
516852803
516858900
516884356
516898319
516902417
516914276
516945061
516977940
516991771
517000294
517001665
517016773
517083318
517090775
517094248
517096460
517103276
517113885
517142093
517148863
517155738
517158950
517170840
517185661
517239028
517329635
517352321
517460831
517512620
517523781
517538527
517548681
517550462
517578333
517606475
517686902
517694509
517800169
517812240
517816066
517825764
517830540
517844431
517989186
518004433
518007318
518060658
518075781
518137873
518330456
518360896
518371128
518418432
518452614
518493341
518669874
518689938
518703802
518714485
518744216
518788880
518806415
518816346
518818247
518822378
518832583
518850974
518860228
518863751
518866973
518869254
518878278
518878964
518899396
518931489
518954054
519027780
519095606
519099403
519100469
519107570
519109143
519110018
519111091
519111967
520776231
521044668
521047206
521056153
521069352
521073031
521075427
521282797
522009206
522018305
522024042
522031097
522038023
522050073
522059690
522064331
522078295
522081132
522140126
522201590
522207761
522212722
523654684
527027772
505324481
504671565
505305727
517037830
