446863094
485662145
488413244
488494218
488621101
488678660
488704251
488718433
488726205
488732045
488737941
488799878
488813052
488862851
488907393
488926281
488936871
488970147
489113289
489221479
489248346
489256445
489327791
489366780
489375075
489416818
489443138
489498770
489624372
489640276
489709399
489716958
489752971
489839195
489869011
489892471
489911127
489920463
489961520
490035652
490096895
490107558
490112475
490123463
490124208
490129987
490132874
490145236
490146887
490169660
490180765
490183186
490191532
490240698
490285189
490458805
490537196
490564009
490711206
490715381
490718196
490744974
490933543
490943892
490953672
490958545
491009043
491137127
491149293
491179710
491197370
491428868
491434126
491473409
491504535
491524061
491532867
491541005
491567410
491663056
491714438
491750070
491793002
491902097
492020190
492421803
492464701
492496706
492547758
492558853
492721156
492724735
492781424
492839431
492847559
492869357
493161077
493181733
493227669
493316528
493326395
493335617
493344455
493353910
493385999
493396887
493407063
493490288
493523105
493562498
493571785
493603054
493605211
493608318
493621223
493640932
493676281
493721675
493733403
493740026
493780250
493781020
493817849
493848826
493885754
493927508
493944729
493970463
493986112
494032267
494035703
494042444
494054731
494059411
494069792
494103291
494126605
494138867
494254890
494287164
494294357
494336243
494424089
494476437
494490929
494499858
494513091
494524933
494541693
494597900
494600947
494648182
494656666
494677546
494729397
494733237
494759224
494805383
494850978
494928240
494952273
495144468
495183770
495230866
495258718
495310243
495315205
495337002
495377480
495434561
495471136
495483748
495502145
495511865
495519921
495591330
495601075
495651362
495678149
495686298
495766570
495781686
495795967
495798497
495871093
495878451
495908810
496015415
496030865
496066295
496113223
496128665
496147182
496167684
496219141
496226651
496266422
496352071
496410151
496456563
496492900
496552012
496663846
496724825
496742502
496816448
496827603
496834533
497081295
497151961
497229619
497264508
497290040
497330235
497412719
497426313
497450118
497468535
497477114
497496637
497533583
497554352
497571670
497649331
497704351
497812999
497823338
497831147
497839212
497970926
497985363
498007209
498009931
498080277
498086097
498097005
498195537
498212909
498231581
498272937
498284276
498337922
498437097
498456222
499071962
499163836
499183526
499184113
499204118
499211029
499227831
499238728
499286299
499315590
499327909
499330629
499368374
499390347
499404090
499415170
499438381
499439026
499450252
499456434
499466736
499468632
499478697
499480256
499488338
499496397
499500079
499563408
499583989
499602022
499603028
499659686
499664440
499676228
499709687
499723078
499732050
499733811
499749297
499753434
499764190
499768462
499769698
499825012
499872618
499884363
499947490
499967091
499991979
500006088
500016134
500017711
500031824
500057683
500075898
500081304
500102596
500146465
500148502
500213539
500309278
500415899
500471177
500486818
500516432
500679085
500685474
500695662
500768585
500833815
500863934
500970322
500981281
501004243
501019244
501060331
501071424
501072398
501115667
501125064
501144281
501151348
501157091
501164351
501185977
501197537
501199043
501215230
501239470
501258377
501267194
501318917
501337391
501341403
501361385
501383999
501388411
501438173
501439588
501489780
501495885
501496234
501505209
501513868
501518047
501540142
501561474
501565962
501579030
501585304
501642778
501820802
501833900
501884565
501934205
501979194
502028391
502182406
502286044
502401302
502446469
502485186
502510299
502585455
502606272
502618689
502626672
502634992
502638200
502675808
502697473
502720690
502722169
502728377
502730674
502736551
502738238
502756808
502757862
502773472
502774757
502779874
502802811
502804200
502808437
502812301
502813069
502830193
502852723
502879338
502882885
502904797
502924289
502925531
502928682
502931303
502935588
502942577
502945452
502947567
502959328
502983548
502986085
503012927
503017466
503018594
503024736
503032165
503033961
503055190
503060356
503065956
503067232
503067696
503080491
503080797
503101236
503120087
503147608
503150645
503153566
503173907
503185909
503216948
503223573
503227796
503246931
503270333
503281874
503286078
503302372
503323395
503324785
503330304
503374411
503377845
503379529
503393741
503409736
503417839
503424804
503442787
503446239
503447687
503450877
503469830
503471744
503485454
503493827
503505629
503521568
503525180
503563749
503591889
503600624
503627936
503651601
503664424
503674008
503675494
503697958
503710379
503716508
503732707
503751210
503789726
503793218
503800916
503817893
503861234
503869653
503902277
503910336
503924827
504011807
504012193
504022833
504038989
504062357
504119989
504123210
504190874
504204500
504218832
504236750
504244572
504251166
504261992
504266545
504267567
504327787
504370537
504372694
504392513
504437097
504487279
504494154
504543371
504547675
504580925
504616609
504619280
504625866
504662755
504667111
504667778
504671518
504707905
504767945
504774191
504775586
504781283
504830619
504856823
504865950
504884123
504900817
504918145
504949179
504974627
504977263
504980472
505013764
505036343
505056986
505072211
505096509
505173432
505182323
505217195
505246333
505253301
505283499
505295420
505305711
505309529
505318176
505324493
505455051
505827495
506212235
506219704
506236202
506243029
506278109
506279741
506296391
506308124
506349490
506363891
506376848
506385705
506402213
506408884
506422002
507078006
510838317
511027488
511039478
511294683
511307950
512547913
512610271
512726175
513862424
513866496
514979789
515475264
515484170
515493203
515519753
515744704
515768976
515867007
515915260
516011894
516057245
516107425
516117083
516255083
516261165
516263013
516330498
516358852
516416130
516444400
516484519
516538751
516540407
516548073
516575572
516580243
516594380
516604454
516627201
516628502
516654325
516657825
516663127
516668632
516691114
516814632
516839712
516849430
516852827
516877917
516884379
516902392
516914230
516930698
516945006
516959804
516977971
516978785
516985439
516989711
516994589
517000264
517036088
517094236
517095207
517103287
517139451
517187964
517262454
517329624
517406934
517487004
517512608
517523793
517526247
517538539
517544413
517578321
517793070
517800326
517803800
517830552
517850318
517919844
517953314
517960633
518001003
518004444
518007302
518060670
518069419
518075769
518289277
518330445
518345822
518418444
518452626
518475821
518493357
518644537
518689930
518714499
518718115
518735083
518744205
518746186
518806427
518809901
518822390
518860240
518863763
518864913
518866961
518872560
518874702
518880157
518897917
518931477
519092660
519099391
519099841
519100453
519101500
519106597
519109155
519662895
521069340
521073002
521075439
521284091
521987665
522002331
522024030
522031085
522038011
522064343
522081120
522140114
522165673
522174146
523641678
527027761
516991791
516981900
488415989
494146067
