446538763
488735622
488854192
489054176
489340403
489718607
489856066
489887159
490107565
490194313
490203000
490362484
490491500
490556612
490693088
490715462
491192154
491837269
492714508
492826786
492869324
493227677
493342298
493603047
494000524
494032273
494103281
494499852
494516999
494633784
494770509
494981621
495507111
495563027
495853780
496760116
497303366
499176945
499181868
499329094
499466450
499490811
499575747
499664447
499732057
500146455
500157799
500194738
500347762
500981291
501032032
501062415
501100026
501125057
501137876
501267184
501434361
501768606
502705502
502762471
502830056
502873791
502884241
503031171
503045030
503067686
503147615
503179278
503200131
503216955
503231717
503330296
503335052
503403159
503469837
503503896
503533048
503543256
503571212
503781751
503793207
504205527
504218822
504251173
504370547
504547684
504580934
504603190
504605292
504611267
504625859
504667785
504671560
504747192
504776053
504832107
505056993
505085737
505138247
505257769
505283505
506296371
506331358
506349497
506402219
511276799
515760041
516668628
516977950
516989696
516994610
517797674
518007312
518044087
518718105
519064948
519099398
519100464
519110484
522024037
522059695
527027767
505439745
