447008549
487729851
487787843
487817455
488285216
488411941
488430569
488704263
488723857
488732074
488753506
488862808
488909726
489013325
489030756
489163760
489231155
489257566
489471361
489585626
489809440
489814502
489965451
489997979
490110951
490124879
490127499
490131026
490142662
490156762
490167638
490180446
490182898
490263553
490388295
490461141
490472711
490507922
490555922
490660654
490706828
490715777
490748661
490788505
490928728
490933017
490941561
490945571
491136549
491142935
491180012
491334382
491354896
491482146
491508494
491653075
491671528
492311370
492757357
492828995
492832003
492844661
492954806
492956387
493197116
493247944
493277192
493296741
493317116
493335663
493338410
493346932
493405753
493549143
493564688
493572561
493612443
493631031
493656920
493677111
493752572
493839810
493876813
493900258
494014480
494040828
494105892
494237373
494424032
494433695
494440243
494476408
494490335
494736291
494736486
494755621
494821933
495063113
495150635
495188588
495320480
495513609
495518492
495546344
495552779
495560903
495627784
495658492
495674992
495692902
495717494
495762208
495765447
495766541
495796152
495796913
495799792
495831250
495841206
495867917
495874676
495905935
495960161
495966699
496015156
496015821
496106309
496113192
496121444
496343987
496351400
496386117
496399932
496663795
496709581
496771019
496834446
496840626
496846558
496898504
496994344
497061990
497081186
497153519
497267643
497338554
497447004
497450087
497461793
497466970
497468769
497486950
497508225
497569412
497571454
497572567
497650502
497839962
497850613
497875567
497877311
497928468
497930755
497970858
498007075
498040137
498084837
498165745
498192596
498209136
498214663
498272964
498284245
498286938
498337952
498377292
498464180
499174462
499183723
499184145
499194271
499197513
499219141
499227273
499239155
499269032
499318650
499328700
499368572
499382751
499389384
499403716
499410861
499439355
499464742
499466459
499468212
499473990
499488510
499490598
499501716
499552820
499583877
499597548
499623560
499633891
499643199
499664471
499688972
499696922
499709775
499723772
499770366
499819234
499844743
499872389
499891403
499900425
499967122
499991709
500015871
500031797
500038414
500040488
500075886
500146739
500159279
500194715
500213279
500231467
500347738
500486680
500684435
500928298
500969478
501012569
501032934
501056362
501058065
501060304
501072301
501139262
501157135
501199105
501215032
501239440
501258347
501263638
501266970
501327913
501352705
501357383
501384087
501388520
501422001
501445953
501449989
501450326
501489574
501541311
501558317
501568598
501696459
501734445
501783150
501809587
501942474
501979154
502120144
502286378
502435029
502446625
502460743
502470459
502476248
502485173
502580412
502590758
502603530
502606514
502631350
502633676
502644580
502697438
502705036
502715437
502720302
502730861
502745764
502774730
502803536
502809467
502812274
502819553
502852612
502884220
502894828
502908694
502935618
502941417
502946705
502960527
502980059
503024764
503031187
503034238
503036169
503042173
503057557
503066047
503068903
503078385
503080352
503080646
503120381
503127766
503200104
503216990
503220479
503221867
503227745
503246947
503258939
503282205
503321324
503325640
503327973
503344652
503373852
503393678
503417810
503434853
503445822
503447715
503449662
503461214
503467917
503468586
503502537
503532871
503545127
503552256
503619347
503623989
503643683
503655155
503709783
503716943
503733775
503745389
503792539
503800825
503862519
503869688
503889217
503893687
503910288
503928607
503991278
504011836
504012116
504090023
504190916
504215019
504218911
504249123
504266517
504288075
504354299
504358888
504371307
504395925
504399681
504501708
504539655
504546089
504549959
504555770
504610833
504616919
504619007
504662909
504671059
504678987
504681669
504701825
504707877
504747383
504763941
504767918
504771736
504774209
504777453
504781312
504833176
504900844
504904915
504964754
504983987
505036440
505045806
505057023
505138567
505143099
505157698
505172559
505173312
505237121
505253249
505283525
505304471
505324351
505338231
505348489
505403785
505730677
506220111
506223345
506232727
506278081
506296739
506382252
506385732
506392651
510823717
510825556
511278252
511306072
512723962
514357849
515068263
515283968
515492711
515562966
515989602
516062177
516267695
516342344
516362346
516435477
516451857
516547721
516556668
516575545
516579029
516580272
516652341
516668416
516678124
516700723
516723134
516831932
516839744
516958815
516963706
516977453
516980494
516988232
516990224
516992641
516997369
517037958
517092663
517097174
517168930
517171055
517184376
517454319
517793038
517799922
517825748
517830283
517944437
517966102
517979200
518075807
518100396
518139461
518197801
518229720
518368706
518448014
518476971
518714448
518735111
518775356
518787621
518833657
518847251
518849059
518860208
518873885
518874728
518876342
518898517
518992202
519099963
519100193
519101580
519107558
519111043
520913048
521047388
521052204
521069545
521072120
521285284
521983031
521989380
522002202
522021431
522033670
522081209
522140098
522208904
522214602
527027849
503369618
501137203
494978643
497965546
495361405
