485823945
487725787
488285009
488726203
488732048
488735627
488782655
488788462
488793587
488797331
488841497
488862847
488916900
488921182
488926311
488976635
489098645
489132461
489229738
489514770
489522938
489582240
489640280
489695854
489716961
489752973
489768765
489775483
489789072
489869008
489874186
489885856
489900326
489963243
489976290
489989800
490004557
490018092
490124210
490125544
490137346
490180772
490240695
490418908
490439882
490556619
490564005
490649256
490692419
490747778
490939989
490971812
491013393
491085051
491137123
491149291
491169438
491179714
491187239
491212284
491409929
491525143
491541007
491902091
492324953
492421799
492496702
492522260
492721159
492833294
492845470
492904441
492943844
492950495
492976479
493331542
493381807
493386001
493395799
493434075
493445275
493502436
493538463
493549170
493552004
493558852
493562500
493569586
493571783
493653410
493657052
493667744
493676283
493684863
493733401
493743846
493767787
493774547
493834987
493837254
493895902
493928589
493965091
493986110
494003523
494032269
494035701
494079319
494103287
494106495
494110035
494142441
494151748
494155232
494237472
494336237
494351479
494391447
494424085
494490927
494504223
494524937
494531313
494656668
494729401
494736660
494739391
494740385
494770504
494807577
494807688
494812109
494818555
494821634
494850973
494952277
495144462
495150518
495183772
495373924
495383406
495470334
495511861
495519924
495550905
495627741
495689959
495766505
495791720
495795972
495796942
495814281
495823140
495898535
495903574
495986431
495993685
496077825
496100543
496113221
496147184
496176490
496231139
496270581
496352076
496356558
496390021
496401302
496410153
496428977
496429623
496443547
496456565
496457849
496485613
496490674
496492902
496501437
496509664
496530941
496663848
496680048
496746448
496918172
496993749
497167372
497209633
497226997
497264506
497290042
497297924
497330201
497401671
497446482
497468537
497486924
497558964
497571668
497572996
497634464
497649333
497685670
497710381
497805669
497839214
497923600
497985357
498055204
498191742
498195532
498272939
498307484
498310754
498318123
498351884
499071965
499127459
499163840
499174378
499181862
499183528
499204122
499205710
499221602
499227833
499241073
499245931
499286303
499307564
499329100
499330625
499336366
499366421
499382791
499390349
499404092
499408712
499439024
499441475
499456436
499468634
499473950
499478699
499488336
499490817
499500081
499510535
499519400
499520680
499571168
499583987
499596741
499602020
499603030
499614725
499624402
499628276
499659684
499676226
499694705
499704755
499709689
499713188
499723076
499725745
499735496
499753432
499768466
499797928
499817471
499841311
499846322
499850243
499884365
499905762
499952404
499952953
499960963
499963000
499967093
499987766
499991981
500006090
500016138
500017709
500031822
500051767
500076265
500082336
500146461
500157805
500271223
500592688
500776003
500833813
500991544
501029531
501032905
501044896
501060329
501108748
501125062
501138403
501144279
501151350
501164353
501184857
501197539
501199041
501202529
501210635
501215228
501239468
501258375
501267190
501341405
501366136
501384001
501388409
501422027
501448943
501489782
501491200
501496232
501498336
501513866
501538548
501540809
501542567
501589362
501638559
501642780
501645183
501689035
501696081
501727333
501768611
501846810
501939757
501979192
502274869
502286039
502446467
502496897
502519777
502579743
502591482
502603606
502617729
502633343
502634990
502638198
502644160
502675805
502705496
502708214
502720686
502722167
502730670
502738236
502756810
502757860
502773474
502774755
502779876
502781505
502788393
502802815
502803655
502808439
502812299
502813067
502819179
502873796
502899948
502908738
502925529
502931301
502942575
502947569
502959332
502983550
502986087
503012925
503017468
503024738
503032161
503042198
503060352
503065954
503067692
503078410
503091200
503127734
503147610
503168271
503185907
503216950
503220505
503223575
503224408
503227798
503231723
503249687
503261994
503262150
503270331
503280496
503281872
503292321
503318421
503324783
503328021
503330301
503370821
503373826
503379527
503388983
503393739
503403164
503434586
503447689
503448983
503450879
503461188
503467892
503471746
503485458
503505631
503521566
503533053
503541586
503543261
503547665
503624017
503643963
503648795
503651599
503664428
503674006
503675492
503697960
503699909
503710381
503710812
503714101
503716506
503732709
503733800
503743657
503833554
503861236
503869655
503882878
503893315
503896827
503969382
504022835
504029828
504062359
504092509
504101592
504112219
504119991
504123212
504157208
504218828
504227400
504244574
504251168
504266547
504267565
504331355
504359002
504366714
504372692
504386221
504398928
504473199
504549915
504559030
504611272
504616607
504625864
504638482
504667780
504680489
504699600
504703646
504707903
504747187
504766243
504767943
504774192
504816819
504839820
504840255
504864503
504865954
504884125
504900819
504938663
504949181
504953975
504961882
505036345
505045693
505050591
505056988
505077000
505096505
505099491
505099954
505138241
505138841
505150743
505163071
505173154
505173430
505198844
505217193
505231809
505253299
505276942
505283501
505295422
505314583
505318180
505332737
505336098
505348452
505352721
505371386
505431905
505453043
505455053
505936207
506219706
506223370
506232701
506236200
506248135
506255149
506258702
506260229
506278107
506294028
506296376
506300201
506308126
506331362
506349492
506376850
506385707
506402215
507078008
510798735
510834124
511039480
511280212
511307954
512547915
512726173
513862428
513866498
513873635
514431249
515150397
515407508
515475262
515822311
515831912
515872775
515894970
516101915
516117081
516217589
516342318
516358850
516543727
516575570
516576946
516594381
516627203
516628500
516657823
516663123
516668635
516696531
516716660
516799238
516819896
516839714
516859405
516877913
516884375
516916759
516977962
516978781
516983960
516985436
516989706
516991787
516994599
517000268
517001675
517094238
517099342
517103285
517170850
517211796
517278076
517286814
517288036
517352330
517404337
517430873
517440055
517459305
517460841
517489104
517505190
517512610
517800324
517803802
517830550
517844441
517856503
517953316
517969500
517992284
518011507
518015949
518044092
518060668
518075771
518137714
518233600
518330447
518338695
518371637
518380281
518391473
518456943
518475823
518696323
518718113
518744203
518750021
518806425
518809903
518823031
518843029
518845543
518863761
518864915
518874704
518878288
518880155
518999652
519022303
519064942
519095596
519099393
519099843
519100460
519101502
519102798
519109153
519110771
519111957
519665218
520880135
521044659
521047208
521056144
521069342
521073007
521086660
521282808
521284087
521973544
521987667
522009196
522020968
522024032
522031087
522059700
522078286
522081122
522100829
522165675
522741725
527027763
527031846
503247471
504776047
504832113
516628670
488854283
493311462
490953669
