447060789
447060795
488028219
488726348
488735603
489327765
489416795
489609864
490169420
490702339
490715787
491467275
491902035
492757137
492904881
493052139
493631339
493859278
494424048
494525016
494745802
494853294
495360742
495662422
495859737
495984374
496002545
496085907
496428995
496769833
497053680
497245490
497676282
497879252
497948902
497953012
498284255
499218878
499241054
499285160
499328558
499330787
499389389
499466596
499468208
499488118
499590702
499641058
499769041
499771337
499797086
500014520
500017692
500075930
500159309
500170613
500229738
500487969
501071445
501142559
501177613
501267143
501384023
501538580
502504704
502579762
502705138
502728512
502873778
503061261
503174024
503324764
503329399
503374445
503396049
503521546
503565599
503969364
504219618
504250927
504369869
504616926
504662815
504671458
504747124
504830580
505057010
505173413
505237114
505304808
505324522
505375833
505400767
505454078
506219725
506399763
510823757
512726153
516501525
516575551
516703262
516707419
516977917
516985342
516993841
517096451
517960614
518007204
518061153
518063150
518497995
518744467
518788888
519064932
519093708
519095614
519111976
521282583
521983209
522024050
522059682
487796785
515738696
488166237
492037770
