447065064
447065068
447065069
485825598
487723929
487726442
487750387
488402126
488621210
488732068
488735600
488737980
488753251
488870709
488897863
489327763
489582288
489592889
489743798
489792926
489871636
490046290
490124869
490125751
490240659
490280020
490387847
490447545
490451253
490715789
490760715
490966482
490976388
491138231
491308783
491312100
493241488
493311587
493333005
493521684
493523120
493733171
493781371
493927486
493967756
494035681
494103254
494105737
494273072
494336042
494596069
494654365
494674647
494739903
494810749
494918307
494924453
494936106
495017972
495104769
495213016
495292276
495505215
495563472
495766551
495772842
495796165
495942217
495965547
496157442
496474541
496485632
496507262
496676005
496998156
497249252
497319548
497434684
497458943
497545351
497571460
497948898
498191056
498214826
498337944
499127478
499189410
499370006
499426324
499740269
500075943
500219356
500772132
501029563
501136832
501190455
501199124
501215208
501267144
501439567
501448896
501452219
501579008
501688143
501934152
501979163
502666059
502697450
502705137
502728513
502787698
502882907
502912059
503042179
503080512
503329400
503346636
503513113
503623997
503656317
503924848
504066114
504550095
504568047
504611718
504662814
504707883
504730840
504747125
504774203
504830579
504841765
504936865
504977357
505049679
505050610
505051731
505065884
505096376
505242899
505375835
505924009
506422023
510823756
511286216
515708766
515857410
516233576
516327386
516342337
516985341
516989665
517099670
517103267
517170831
517279000
517460182
517497315
517526265
517541562
517808165
517953337
517960613
518007205
518075790
518331842
518371137
518426655
518639506
518744466
519011009
519095615
519111081
520878384
522015279
522196899
526819222
499735476
487821595
495528717
