446089816
446558068
487818605
488104896
488138924
488154493
488252516
488294216
488439863
488627538
488700905
488720488
488731620
488735887
488748798
488778686
488785957
488787289
488789720
488822969
488857720
488907414
488922283
488924653
488932342
488935820
488953392
488967118
488973871
489131401
489240674
489327823
489513471
489597892
489611436
489640222
489705347
489760571
489840344
489874217
489881744
489911067
490112429
490124284
490127519
490137555
490175475
490177899
490185959
490203176
490224015
490278623
490356571
490383156
490396179
490459865
490559552
490668565
490696169
490696568
490700388
490742922
490929853
490964051
490964878
490970604
491136561
491148368
491157721
491177290
491282215
491364410
491375123
491445929
491508621
491513553
491532829
491623658
491661706
491682873
491746574
491750089
491859765
491897564
492163322
492542297
492582325
492729623
492796782
492833971
492837846
492844838
492902526
492904657
492951452
493276901
493353929
493366212
493386410
493387011
493398086
493407229
493491105
493505100
493520524
493552027
493562525
493569568
493575177
493603164
493608307
493618541
493633993
493640916
493647299
493667731
493676314
493752888
493758581
493767818
493797846
493834968
493897088
493932147
493959290
493969981
493986272
493998886
494022422
494028808
494035763
494059426
494065853
494078801
494138843
494339763
494367212
494425046
494489108
494495852
494499873
494524366
494531525
494604562
494659984
494739601
494759415
494808118
494813008
494821681
494864683
494931826
494933560
494966698
495065642
495091305
495149705
495183749
495372893
495392733
495396065
495434803
495451862
495501126
495511503
495521022
495545008
495560951
495561361
495610833
495628634
495716598
495754422
495760671
495769034
495791689
495793146
495794874
495840870
495892181
495897858
495901188
495908414
495912128
495985060
496066275
496113116
496142377
496145877
496166441
496175437
496177074
496240034
496385590
496396740
496405834
496457302
496457834
496486277
496490629
496509756
496571558
496679823
496827604
497162935
497208743
497227954
497257061
497264101
497290533
497297939
497336466
497429362
497453773
497461715
497474713
497477095
497486618
497504335
497516083
497535037
497572546
497647709
497699336
497708573
497737921
497837274
497867260
497871194
497921392
497932590
497933398
497948172
497956375
497981009
497982929
498002034
498006914
498062538
498184672
498196406
498269687
498283793
498315006
498318141
498350647
498353373
499168293
499181084
499184929
499185359
499203320
499210144
499219853
499238742
499242248
499288850
499329352
499336334
499382373
499389440
499408647
499413223
499426071
499427876
499438882
499456937
499461002
499466562
499468820
499489662
499490484
499501928
499555571
499596279
499601870
499603639
499614713
499625698
499660911
499664422
499681930
499694679
499735514
499752459
499774813
499819641
499840634
499884346
499907128
499949244
499960943
499966591
499991912
500001965
500014953
500017808
500031227
500075940
500095128
500123916
500145707
500158944
500190336
500248795
500347788
500471145
500496346
500740032
500798818
500836566
500929298
500986319
501046461
501056329
501071411
501097016
501098505
501102748
501108768
501125290
501129340
501138440
501144293
501151337
501164381
501196995
501199076
501215243
501253028
501258462
501267211
501319670
501341889
501356811
501379133
501384141
501388708
501422047
501438062
501441250
501448828
501490631
501493267
501496210
501505930
501514269
501538399
501539444
501542441
501555728
501562034
501589348
501768659
501846861
501925706
501936481
501981706
502130583
502473321
502476831
502483080
502491855
502591519
502603581
502633691
502638213
502644072
502651609
502664422
502674750
502698001
502704285
502719431
502720728
502731456
502758319
502760898
502772021
502776564
502787907
502806943
502812733
502825564
502835051
502839280
502852423
502876154
502884265
502895269
502908956
502927613
502932050
502942803
502944631
502947318
502958834
502983534
503014304
503021322
503031947
503034340
503040019
503042216
503056138
503057363
503060371
503066595
503066983
503067722
503079982
503080665
503112193
503186127
503206222
503217454
503222734
503233964
503245635
503251776
503252126
503258862
503261979
503272033
503281726
503299361
503320196
503324798
503331358
503346728
503363966
503369675
503373203
503374511
503378203
503380667
503386748
503395293
503404183
503423810
503426294
503442755
503445975
503446568
503449587
503461097
503467562
503470485
503485357
503521580
503531053
503541386
503543280
503562398
503589953
503591874
503603793
503624034
503635246
503643898
503664234
503675441
503687057
503708994
503714148
503717317
503746625
503751238
503763252
503786970
503789586
503792606
503799147
503831756
503861217
503862486
503864895
503872042
503893551
503896341
503924854
503925309
503928592
503948826
503968329
503981709
503988175
504006253
504008873
504012166
504022814
504033739
504057347
504114025
504120408
504123193
504237916
504244559
504249686
504263624
504266529
504267660
504285861
504312433
504312979
504358612
504370499
504372462
504387933
504396781
504399431
504543805
504550105
504558205
504581106
504599975
504610432
504615481
504620425
504621193
504660062
504662525
504669250
504708050
504747523
504749961
504761227
504766175
504768302
504774947
504837563
504841127
504864487
504901229
504902569
505000313
505013754
505021345
505031269
505040050
505044027
505045109
505050439
505061298
505073978
505076818
505097420
505099857
505149269
505173407
505183517
505209466
505210170
505228899
505238476
505242905
505245354
505253339
505282154
505298480
505313101
505318245
505335076
505335898
505380097
505399813
505403145
505441823
505450716
505455040
505827397
505923877
505936455
506223476
506231410
506236219
506251134
506271272
506278123
506307941
506333271
506339851
506381230
506399812
506402199
506407188
506427735
506435986
506440929
507076530
510809594
510839283
510930070
511080585
512726189
513864669
513873453
514440680
515067298
515490499
515519761
515831929
515895884
515947766
516000050
516073314
516079329
516117097
516123438
516193554
516247256
516264979
516295033
516339533
516482948
516500538
516542795
516558277
516596507
516679013
516680655
516691142
516702517
516723663
516753866
516774348
516800532
516859451
516884791
516972141
516978215
516988523
516989737
517000228
517036098
517093286
517168474
517206368
517238578
517261410
517277725
517332389
517349872
517389068
517438858
517447113
517461157
517486979
517489123
517538957
517764036
517764455
517776237
517793728
517798753
517802294
517817339
517836182
517918373
517953300
517959550
517987771
518003168
518060692
518139420
518229913
518263242
518292384
518356758
518360747
518448820
518505062
518509980
518714514
518744113
518777743
518790234
518810547
518833053
518840428
518863779
518865132
518872614
518877342
518918428
518924768
518929474
518993018
518995833
518999675
519042997
519095007
519099323
519099644
519104045
520879720
521044630
521045652
521056117
521064555
521072671
521081692
521089097
521285215
521982812
522009157
522023848
522058850
522067412
522070253
522085897
522174694
522199296
522214647
527025408
527044293
503248076
504832750
492764101
495358162
488007228
493310920
488746823
