487760593
487790459
488027998
488144246
488621093
488905259
488970133
489026205
489244069
489632415
489869023
489887106
490124200
490328817
490715914
490733905
490940003
491137147
491633201
491688369
492763999
492905077
493337060
493540583
493552015
493677828
493844053
493859026
493942308
494253783
494759200
495020097
495822866
496037542
497562925
497844644
498192962
498248123
499176960
499466426
499478690
499496406
499501751
499573332
499770951
499884355
500145704
500480445
500486813
500684524
501004251
501164342
501185969
501267204
501341397
501383990
501448934
501489771
501561480
501932822
502015945
502286062
502510291
502603614
502618681
502621562
502644167
502762432
502802713
502819238
502908959
502924280
503060368
503227790
503247671
503465135
503469821
503525174
503691394
503716513
503924821
504038980
504266537
504401716
504437103
504467978
504539573
504616617
504625873
504671510
504748183
505099820
505107726
505173438
505253332
505455044
506271275
511098403
514975848
515768967
515975220
516568859
516575579
516654333
516670001
516799217
516831807
516974173
516981907
516992454
517101020
517798976
518007167
518060676
518443490
518863772
519096631
519099319
519099649
519100679
519101493
519111016
519662900
521281623
498284283
498172858
