446452082
446452086
446452137
447185046
485880716
487821207
488106588
488345199
488501947
488701388
488735618
488746677
488788473
488793602
488862832
488909300
488921194
488925040
488936813
488936904
488970171
489031263
489054180
489073258
489098660
489119046
489132435
489340394
489364505
489462581
489492724
489498680
489560091
489624391
489663246
489733970
489797419
489819879
489885849
489961531
489980370
489983797
489989772
489997999
490112505
490124219
490127044
490127989
490130005
490137328
490155361
490175185
490180805
490202988
490240679
490285178
490389128
490390734
490458793
490461811
490475724
490515264
490577580
490651971
490718185
490728059
490729162
490744985
490816483
490833029
490933520
490936420
490939972
490943859
490953649
490965088
491000141
491009022
491049615
491110992
491179732
491187255
491192158
491197305
491219283
491222178
491312339
491366418
491409921
491445011
491492432
491496646
491510151
491541017
491574031
491604108
491610550
491643737
491750058
491830797
491837250
491854061
491902061
491923061
492179159
492421780
492430855
492468539
492496685
492547785
492573658
492777054
492833280
492839418
492845451
492848220
492849334
492854460
492904982
493047758
493147232
493297579
493316517
493326407
493338313
493339800
493344468
493353898
493376080
493377095
493386010
493386576
493396898
493410580
493411966
493434058
493485703
493505159
493575197
493595636
493603043
493608328
493611858
493616251
493633336
493647329
493657061
493660497
493676293
493705575
493727142
493732230
493733393
493755248
493799273
493844076
493860449
493876848
493903101
493909288
493928599
493940684
493946543
493963050
493970451
493986099
493993760
494032277
494035693
494079310
494110026
494138878
494237492
494272568
494336218
494391466
494424067
494433382
494437400
494439741
494490918
494495825
494499848
494504232
494524947
494531051
494589184
494600936
494607337
494656677
494744688
494759244
494760909
494779418
494790707
494805373
494820806
494843178
494893178
494924436
494952305
494955245
494960547
495014131
495045310
495066741
495088045
495114691
495141711
495150528
495161133
495183791
495212941
495258744
495283148
495336991
495373491
495383436
495400217
495411653
495450178
495511837
495514894
495529863
495561112
495567444
495588377
495591342
495615202
495616215
495619272
495627732
495647953
495651436
495660160
495682382
495686284
495689939
495695395
495710901
495717676
495766517
495781704
495791739
495814295
495860020
495872974
495902876
495986412
496004819
496049253
496066306
496085919
496100534
496138346
496147193
496170382
496184068
496219130
496245779
496256020
496344002
496352095
496390007
496394821
496395938
496424020
496429614
496435516
496436544
496439473
496474530
496490683
496509886
496513068
496577298
496584977
496663857
496676015
496680031
496705128
496746439
496827573
497052209
497151942
497179699
497189119
497210115
497264497
497311267
497320037
497330197
497426324
497438108
497446492
497450107
497458927
497482934
497486933
497525030
497538772
497541466
497558538
497621607
497634450
497649346
497694002
497699320
497704338
497834509
497839225
497850424
497917480
497932655
497948238
497981172
498007198
498055222
498207487
498231570
498305439
498312316
498437087
498449227
498456232
498465250
498484686
498912282
499163850
499172374
499176941
499178110
499181872
499182393
499189422
499194431
499204133
499205700
499211738
499221593
499227842
499238717
499241064
499264187
499265360
499286312
499328718
499382782
499390356
499408704
499439015
499452056
499456445
499473941
499484708
499488328
499490807
499500089
499501733
499510544
499533343
499536349
499548843
499583978
499605359
499612329
499624412
499643402
499676217
499682124
499699395
499713197
499723067
499725756
499735486
499749307
499768476
499770935
499771848
499817461
499825001
499832120
499884374
499891322
499905771
499921569
499952945
499960972
499967102
500006099
500016148
500038431
500057672
500076148
500081315
500102568
500127743
500133043
500137646
500146451
500156340
500157796
500168988
500174813
500219367
500230666
500249140
500471168
500502195
500592697
500598954
500800565
500833804
500955427
500970345
500981300
501012551
501029522
501032916
501060320
501062411
501103693
501125053
501127957
501137436
501144270
501164363
501185990
501199032
501239459
501318471
501341414
501352722
501366128
501384010
501387788
501422018
501438162
501439577
501445969
501448952
501452208
501491191
501496223
501498876
501505198
501513857
501518041
501531767
501539717
501558341
501566589
501568677
501579019
501642789
501689025
501934008
501943674
501979183
502028380
502108451
502188847
502207034
502249779
502286023
502326460
502417750
502435056
502446458
502573323
502585444
502598007
502603597
502617738
502618701
502634981
502638189
502665003
502697461
502703996
502705506
502715413
502720675
502756669
502757851
502762475
502773483
502774746
502781496
502802825
502803653
502808448
502812290
502819399
502865070
502872297
502873787
502879330
502882896
502884237
502889342
502894743
502895852
502908748
502924300
502928693
502935599
502936124
502941398
502942566
502945467
502947577
502951935
502959342
502980076
502983559
502986096
502987631
503012916
503024747
503025486
503031175
503033950
503042189
503060343
503062007
503067682
503091191
503100698
503114970
503127743
503147619
503150655
503153577
503171743
503173918
503179273
503185898
503224399
503227807
503231712
503243803
503249678
503252100
503262002
503270322
503287081
503314790
503324774
503328031
503346626
503373835
503377856
503379518
503403155
503409721
503412450
503417828
503424793
503430345
503434174
503447698
503448993
503467901
503469841
503471755
503474507
503485468
503503900
503509335
503521556
503525191
503533044
503541576
503543252
503547674
503589981
503591904
503596183
503603768
503606301
503634962
503641030
503643972
503644486
503651590
503664438
503665559
503675483
503710389
503710806
503716497
503733791
503741695
503751199
503762486
503789718
503793203
503800905
503817907
503833557
503851023
503861245
503869664
503882869
503888418
503893440
503902287
503927382
503932285
503969373
503973752
503986851
504001479
504007038
504011818
504012182
504012899
504028840
504029819
504053399
504062368
504094073
504123221
504157225
504190885
504208764
504218817
504244583
504251177
504261982
504266556
504267556
504312547
504313088
504359009
504366722
504370551
504398938
504437090
504517849
504539590
504543364
504555750
504605288
504611866
504616598
504625855
504667789
504680479
504698704
504703655
504707308
504747196
504760876
504766252
504767934
504771721
504781294
504782052
504794559
504809004
504819411
504840264
504856834
504864512
504865964
504897072
504900828
504918156
504922304
504953967
504980462
504983752
505045877
505049690
505051719
505056997
505094588
505138251
505138832
505173163
505173422
505183532
505202808
505217185
505233135
505237752
505250476
505253290
505263864
505283509
505295431
505309543
505318190
505324144
505348460
505352730
505364842
505371380
505377537
505402655
505431896
505442564
505455063
505481120
505827506
505936189
506219715
506223361
506232710
506236191
506248144
506251110
506270258
506278098
506279731
506285511
506294019
506297781
506308135
506349501
506382480
506385716
506402223
506418130
506435966
507078021
510811250
510823459
511039489
511079669
511280206
511307982
512726163
513850738
513873644
514979800
515278738
515285388
515333073
515484450
515744716
515808825
515826761
515884183
516015820
516031285
516112421
516117072
516142791
516255073
516315614
516403974
516415830
516449285
516484508
516489411
516543718
516548102
516565891
516574595
516575561
516595479
516663101
516680842
516691124
516799257
516808517
516831863
516846433
516858902
516889466
516898318
516902415
516945060
516959781
516985418
517000292
517001666
517037831
517090776
517094247
517103277
517105525
517148862
517158951
517170049
517211804
517239029
517278085
517288027
517352322
517406940
517418767
517430887
517447879
517460832
517548680
517578332
517744476
517754458
517793081
517800168
517803811
517830541
517850329
517856294
517937709
518007317
518026377
518044083
518060659
518074174
518075780
518094445
518131324
518137872
518184738
518216065
518233609
518280815
518305263
518371127
518391463
518426664
518452615
518462405
518475832
518498003
518567017
518679907
518691129
518714486
518733746
518740315
518744215
518788879
518816345
518822379
518832584
518863752
518866972
518870476
518876324
518878279
518880148
518906422
518931488
518945530
518954053
519020278
519043988
519064952
519095605
519099402
519100468
519109144
520808491
521056152
521073028
521075428
521080483
521282798
521284076
521299207
521987676
521997263
522018304
522024041
522050074
522064332
522081131
522100835
522144475
522157212
522165683
522174157
522207760
522212721
522828323
523411963
527027771
516678176
494643604
495576907
504039000
487733187
504662743
516991772
491137104
493624057
504397121
