446444308
446634847
488285013
488345197
488626476
488670079
488675907
488690612
488701375
488726207
488732044
488746704
488773866
488793579
488797335
488813056
488862854
488871326
488911847
488925058
488988394
489036753
489046038
489072774
489087561
489132473
489226119
489229731
489262157
489270631
489327797
489382523
489443134
489462616
489492744
489610219
489616569
489624368
489709403
489716956
489745434
489771997
489775477
489785514
489792907
489845992
489850228
489888526
489892473
489901929
489920464
489932668
489951042
490035650
490103412
490107556
490124207
490126653
490128005
490129984
490132878
490137353
490151597
490180761
490194299
490285191
490390767
490412981
490460968
490463278
490479854
490523213
490533282
490551880
490736865
490739116
490747782
490823608
490874757
490896584
490943896
490971805
491027004
491116497
491137130
491142855
491149295
491169434
491179706
491197373
491278137
491358598
491409933
491428863
491445038
491465008
491496625
491504531
491516298
491521935
491532865
491537246
491541001
491576714
491643714
491647482
491663060
491671649
491902102
491905669
491923044
491941241
492329097
492421807
492430889
492454462
492464709
492558857
492765807
492775796
492793504
492826805
492830516
492839098
492839433
492845478
492847555
492869360
492881145
492905555
492950498
492982851
493008635
493147171
493277475
493287414
493316530
493331546
493342311
493372139
493381811
493385998
493386587
493396885
493414496
493462568
493464255
493505146
493538467
493558855
493562497
493569582
493575186
493595650
493605213
493608316
493631361
493667741
493676280
493684860
493733406
493748634
493755261
493780248
493848825
493854959
493885756
493895906
493928585
493940666
493942316
493944789
493959272
493970465
493986114
494003757
494032265
494035704
494042442
494054732
494059413
494062341
494075827
494106491
494110039
494126607
494133256
494151744
494155228
494160136
494198553
494250618
494287160
494294362
494367501
494424091
494439728
494444923
494469550
494490930
494499859
494504219
494524931
494529772
494531309
494607321
494636285
494656665
494669662
494733233
494770500
494805389
494821639
494828407
494890233
494928238
494952269
494956105
494960531
494976452
494978212
494999685
495014149
495017727
495042004
495136919
495183768
495258715
495283119
495286780
495307918
495310240
495374081
495383400
495392778
495467413
495520191
495524768
495536016
495561117
495564055
495591328
495609568
495631966
495651360
495660814
495689968
495707944
495766510
495769982
495791713
495795964
495796724
495796938
495801914
495830326
495860036
495878447
495903570
495942206
495961245
495986436
496001862
496015419
496085932
496127882
496128667
496147180
496184055
496219143
496231143
496242270
496270577
496352069
496394850
496395915
496410149
496416299
496424033
496429627
496435529
496439486
496450950
496457845
496485609
496501434
496509966
496513055
496550046
496584965
496702954
496746451
496827607
496966938
497081297
497100459
497148774
497198727
497200660
497226993
497229618
497234162
497259812
497264510
497273113
497290038
497297928
497330177
497334878
497354199
497364970
497396717
497426311
497434709
497438095
497450120
497453783
497458915
497468534
497477112
497486920
497498171
497506451
497538713
497545332
497560272
497570785
497573002
497649330
497670788
497677066
497710385
497737899
497759538
497805659
497812997
497831143
497842260
497843899
497853178
497877356
497889654
497915908
497920553
497945175
497951094
497985369
497997481
498001228
498007210
498081540
498089554
498097010
498102449
498155141
498159779
498182574
498195542
498198916
498210022
498227031
498256673
498272936
498284278
498307488
498351880
498462565
499163834
499171774
499174375
499176953
499178127
499183524
499184115
499198796
499204116
499219065
499227830
499236283
499245927
499259923
499264166
499318888
499327907
499336363
499344538
499368375
499382795
499390346
499391347
499404088
499408715
499423591
499428772
499438380
499439028
499452046
499456433
499473954
499487063
499488339
499490823
499492894
499501745
499510531
499519403
499557208
499574930
499583990
499596735
499603027
499623972
499628279
499643418
499682111
499687392
499689001
499694702
499704753
499709685
499713184
499723079
499725739
499733808
499735500
499749296
499760470
499764192
499768460
499769699
499771860
499817477
499839794
499841315
499846325
499884361
499891306
499900263
499906969
499931771
499947492
499950546
499960959
499967089
499987762
499991977
500006086
500016132
500017713
500022565
500031826
500038444
500054725
500071106
500075896
500095729
500096437
500137633
500145018
500146467
500156326
500157811
500164714
500194727
500213541
500219380
500232326
500271229
500486817
500502174
500515795
500598974
500757554
500768586
500775999
500955399
501019242
501019562
501029534
501032901
501044900
501054593
501065514
501071422
501072396
501108752
501125066
501127975
501144283
501151347
501157089
501164349
501185975
501188966
501239472
501242663
501258379
501263655
501287305
501327405
501341402
501352735
501383998
501388412
501434352
501439589
501445982
501448939
501452195
501491204
501496236
501498332
501498889
501513870
501518048
501529612
501541399
501558354
501561476
501566606
501568665
501579031
501585302
501589359
501642776
501689041
501718591
501783074
501820798
501859616
501935130
501942356
501979196
502015956
502019799
502286046
502401300
502435078
502446471
502462499
502496900
502585457
502591478
502603609
502606274
502618688
502620882
502622464
502626670
502634994
502638202
502675809
502688148
502697475
502708220
502719422
502720692
502728379
502736549
502756806
502757864
502773471
502774758
502781509
502788390
502793947
502798376
502802809
502808436
502812303
502813071
502829768
502852510
502871921
502873799
502884250
502893005
502894759
502904795
502912082
502924287
502925533
502942579
502947566
502959326
502983546
503005697
503008976
503012929
503017464
503018596
503024734
503032167
503042201
503062020
503065958
503067698
503070213
503080489
503080798
503090130
503091203
503095319
503101238
503127730
503150643
503173905
503179290
503185911
503192647
503195318
503216947
503220509
503223571
503227794
503249691
503252113
503258890
503270335
503280492
503281876
503296773
503302374
503310572
503323393
503324787
503328015
503330305
503335043
503346613
503363826
503393742
503409738
503412463
503423826
503442785
503446246
503447685
503450875
503461185
503467888
503469828
503471742
503477830
503485452
503505627
503509317
503521569
503533057
503541592
503553089
503564965
503598864
503603781
503627938
503634949
503643959
503651602
503655117
503656347
503664422
503670851
503674010
503675496
503687958
503693343
503697956
503710378
503714096
503716510
503732705
503733804
503768321
503776832
503781760
503789728
503793220
503817891
503843865
503848365
503882882
503896823
503924826
503928825
503969386
503981721
503990921
504001466
504007027
504011805
504012194
504029832
504036776
504062355
504115125
504119987
504123208
504218834
504227404
504236752
504244570
504251165
504261994
504266544
504267569
504278617
504286601
504311679
504313745
504358998
504366711
504370535
504372696
504397110
504398922
504401002
504420527
504437099
504520373
504539578
504555737
504559026
504580923
504585209
504600074
504603181
504605300
504611276
504616611
504619282
504625868
504667776
504680495
504701784
504703642
504707906
504747183
504750850
504771708
504781281
504819398
504836478
504840251
504864500
504865948
504884121
504892094
504895815
504900815
504904896
504949178
504957898
504961885
504965183
504974628
504977264
504983763
504998947
505000323
505008114
505013763
505016181
505031279
505036342
505040041
505044018
505045687
505056985
505072209
505085746
505094575
505099485
505099957
505138235
505147314
505150739
505173150
505173434
505183544
505202796
505209572
505217197
505225232
505231813
505242878
505253303
505259979
505281262
505283497
505295419
505348449
505359962
505375826
505377543
505399610
505400434
505402037
505730214
505823220
505827493
505923988
505936214
506219702
506223374
506226688
506232697
506243031
506255145
506258698
506260225
506270273
506271455
506278111
506279742
506296379
506340226
506349488
506370203
506376846
506382971
506385703
506402211
506422000
507078004
511027486
511079682
511286198
511294679
511307948
512542464
512547905
512610275
512623876
512702808
512726177
513862420
513866495
513873631
514895351
514979787
515068623
515278729
515362165
515484464
515490545
515556414
515593742
515744702
515805035
515855616
515865798
515872778
515890781
515943560
516003420
516076774
516219294
516255084
516261163
516263015
516266500
516339546
516342314
516497071
516500929
516543731
516548071
516565904
516568857
516575574
516576943
516601767
516627199
516628503
516654327
516687734
516752763
516799229
516839710
516846410
516884383
516898301
516914226
516959808
516978789
516981902
516985441
516989713
516991793
517000259
517060520
517077803
517094234
517095209
517096474
517099346
517105521
517148849
517151500
517155724
517168946
517170854
517182542
517193730
517201801
517206355
517278072
517352334
517418781
517440051
517460845
517489108
517493365
517528938
517548667
517744489
517764022
517793069
517800327
517803798
517816052
517817632
517825778
517830554
517844445
517854615
517946360
518020053
518044096
518052350
518060672
518063170
518074187
518199483
518205307
518216078
518223843
518289275
518307638
518330444
518338698
518348991
518418446
518449325
518452628
518577348
518669889
518733727
518744207
518746185
518750026
518780080
518788866
518806429
518818228
518823029
518832597
518848728
518860242
518863765
518866959
518869268
518876311
518877634
518878292
518880158
518897919
518940406
518953511
518987350
519003348
519010985
519020265
519022307
519044004
519064936
519101499
519102796
519109156
519662896
521044655
521062147
521069338
521282814
521983217
522002333
522020964
522024028
522038009
522059704
522081118
522089728
522140112
522151576
522165671
522201576
522207747
522212708
522828312
523641357
526820021
527027759
527042392
505402639
503448977
516682620
504775588
504777468
502705490
501267196
505455050
505324494
