447003572
487708307
487731994
487837449
487928417
487928473
487933148
487936299
488020586
488473898
488487730
488489898
488701382
488726199
488732051
488773881
488862842
489098648
489241545
489469421
489473987
489590757
489632384
489951010
489965328
490129995
490155354
490161361
490180778
490183197
490187851
490389569
490400468
490412984
490460945
490551892
490649253
490692416
490703365
490715465
490721026
490729010
490733883
490739125
490772806
490985776
491026988
491137113
491179719
491428917
491537218
491619438
491750064
491941121
492430871
492454484
492468585
492517433
492752172
492859401
492954877
493056866
493344461
493353905
493366236
493386003
493478944
493569589
493594632
493616257
493701774
493733398
493739828
493748632
493795570
493844069
493860455
493893485
493895899
493917584
493951763
493986107
494035699
494110032
494122605
494226355
494351486
494424079
494490924
494524940
494596334
494600942
494656671
494666241
494741669
494805379
494850967
494858556
494936708
494952283
495017734
495258731
495276597
495307935
495375259
495434549
495519928
495563972
495614557
495627739
495686291
495766544
495772862
495795978
495798501
495860029
495878460
495937281
496170375
496352081
496424026
496429620
496435522
496456568
496474524
496485616
496663851
496746445
497100441
497297921
497320031
497325834
497351601
497438102
497458921
497461755
497562926
497571663
497572993
497649336
497710376
497813004
498096987
498102430
498187956
498192938
498210028
498272942
498325530
499127462
499163843
499169174
499172382
499178118
499204125
499225512
499227836
499236290
499248550
499265357
499286306
499318991
499322460
499329097
499336369
499344529
499352512
499357817
499390352
499404095
499408710
499427023
499439021
499452051
499466452
499490814
499500083
499569696
499580295
499593405
499596744
499603033
499612323
499624405
499628274
499659681
499709692
499723073
499725748
499768469
499771854
499839787
499872613
500016141
500031819
500071098
500075904
500146458
500157802
500168995
500194735
500271220
500471173
500486823
500685440
500688585
500981289
501065521
501072535
501099090
501138397
501185983
501267187
501327963
501341408
501384004
501388407
501491197
501493026
501496229
501568671
501689032
501820817
501935292
501979189
502206965
502446464
502485192
502591485
502606267
502638195
502665011
502675802
502697468
502720683
502738233
502774752
502781502
502787190
502788396
502802818
502808442
502813064
502865062
502884243
502899945
502904802
502908741
502925526
502941392
502947571
502959335
502964427
502983553
502986090
503008982
503031168
503067237
503067689
503078407
503080496
503080792
503095310
503168269
503179281
503211309
503220502
503224405
503227801
503318418
503328024
503330298
503335050
503370054
503373829
503379524
503393737
503409729
503430352
503442792
503447692
503448986
503467895
503627931
503632865
503656342
503664431
503674003
503675489
503676729
503697963
503710383
503716503
503751205
503793210
503808529
503817900
503895142
503969379
503990914
504007033
504012188
504029825
504038994
504190879
504219978
504236745
504251171
504264814
504267562
504278623
504281335
504359005
504369379
504370544
504372689
504387802
504392510
504494159
504543367
504600081
504611269
504616604
504619275
504627154
504660126
504667783
504671558
504677029
504698707
504700914
504731129
504747190
504766246
504767940
504774193
504776050
504808998
504819405
504832110
504864506
504884128
504957893
504961880
504980468
505056991
505096502
505114063
505147321
505173427
505198843
505211056
505212842
505231807
505237746
505242883
505253296
505283504
505295425
505305718
505359956
505377539
505402648
505455057
505463506
505585652
506219709
506270264
506278104
506296373
506297732
506349495
506396031
510838314
511031653
511307959
512638792
512726169
513873638
514880273
515472369
515752629
516075466
516339553
516364819
516497078
516500925
516594384
516595481
516624779
516628497
516628673
516649693
516652290
516654318
516668638
516716657
516799244
516831835
516846422
516852817
516859400
516898310
516978794
516985430
516989699
516991784
516994603
517060526
517094241
517099339
517193737
517201794
517239034
517286811
517406936
517440065
517454339
517460838
517467755
517606473
517793075
517800322
517809984
517869292
518005883
518094441
518137867
518199476
518365395
518449331
518475826
518669881
518714492
518744209
518788873
518818240
518823034
518832590
518863758
518864918
518866966
518870471
518880152
518954039
518999649
519095599
519099846
519100462
519101506
519102801
519111083
520949333
521255366
521282805
521284084
521983214
522020971
522059697
522100831
522157206
522201583
527031839
497565753
492904201
516496871
495329475
498284271
