446551470
446914603
487784450
487865547
487871161
488217471
488621102
488645989
488709693
488726204
488732046
488734570
488782657
488810567
488862849
488936919
489043372
489054170
489063746
489073284
489327789
489426049
489443140
489449389
489492740
489496813
489590762
489716728
489716960
489743781
489792911
489797434
489812822
489920462
489926561
489945011
490114038
490124209
490125487
490128003
490132872
490134393
490137349
490161356
490169667
490187864
490211272
490247256
490412982
490414039
490463113
490556621
490559323
490564006
490622220
490645841
490674386
490692422
490715353
490744975
490764377
490771367
490833051
490933541
490939990
490943890
490965078
490976342
491137126
491149292
491179712
491419192
491423495
491496628
491541006
491629481
491633209
491688395
491750357
491984987
492179142
492324951
492504277
492591381
492765346
492845472
492854483
492857922
492905086
493031021
493203593
493241453
493301881
493316527
493326396
493353909
493387586
493512700
493558853
493562499
493594636
493676282
493705585
493720815
493743845
493848827
493903091
493917588
493973530
493986111
494110036
494112261
494138868
494155231
494172264
494198551
494455506
494469553
494490928
494499857
494504222
494576473
494600946
494641692
494759226
494805382
494850976
494876946
494924421
494928243
494952274
494969807
495066556
495174952
495236787
495283126
495375544
495457020
495499813
495503468
495514875
495520196
495524765
495544588
495627742
495660820
495781687
495791718
495795970
495796941
495820408
495872965
496066296
496085929
496100544
496135310
496138336
496140961
496147183
496157422
496167683
496242267
496311049
496344012
496349375
496363336
496364455
496394843
496395918
496401301
496428976
496432623
496490673
496513058
496577333
496658174
496741486
496746449
496827601
497001150
497051869
497226996
497236573
497264507
497283427
497297925
497351692
497453785
497464999
497486923
497513619
497572999
497594837
497611234
497649332
497670792
497677071
497710382
497737894
497781563
497822911
497831148
497877353
497981150
498001235
498143231
498198919
498212908
498231580
498272938
498284275
498297044
498307485
498340662
498503425
499163837
499174377
499178124
499181859
499204119
499205713
499221603
499227832
499327910
499336365
499352516
499366420
499408713
499423588
499425832
499427020
499428770
499466432
499468633
499488337
499490820
499510534
499548852
499569690
499583988
499596738
499614724
499621867
499623974
499659685
499687395
499691204
499725742
499735497
499740250
499817474
499829335
499846323
499850242
499884364
499921577
499960962
499962999
499991980
500006089
500017710
500054722
500075899
500081305
500082337
500146464
500150916
500157808
500174442
500271226
500516492
500833814
500857204
501012541
501029532
501054590
501071425
501072399
501125063
501136516
501185979
501197538
501199042
501208735
501258376
501267193
501327408
501388410
501422028
501433923
501438172
501439587
501445979
501448942
501489781
501491201
501496233
501498335
501498886
501511285
501521445
501539853
501543174
501589361
501642779
501936317
502182407
502401303
502446468
502578004
502585454
502591481
502618690
502620884
502634991
502645394
502675806
502697472
502705493
502715403
502720689
502730673
502746331
502756809
502757861
502773473
502788392
502803656
502808438
502812300
502819967
502826641
502839264
502852800
502873797
502894756
502908735
502931302
502936134
502941388
502942576
502947568
502983549
503012926
503024737
503032164
503040002
503042199
503065955
503067233
503067695
503080796
503095316
503114957
503120088
503147609
503168272
503173908
503179287
503216949
503224409
503235103
503246932
503280495
503302371
503324784
503330302
503369325
503393740
503447688
503448980
503450878
503461187
503469831
503505630
503525181
503533054
503541589
503547664
503552146
503564968
503589971
503591890
503603778
503606311
503619076
503624018
503627935
503634952
503643962
503651600
503674007
503675493
503691397
503693346
503697959
503710380
503714100
503751209
503781757
503793217
503833553
503861235
503893704
503924828
503932275
503986841
504011808
504022834
504029829
504036773
504052302
504123211
504205523
504218831
504251167
504261991
504266546
504267566
504284258
504312537
504359001
504369376
504370538
504372693
504392512
504398925
504437096
504539580
504549918
504580926
504611273
504625865
504660122
504667779
504680492
504682189
504707085
504707904
504726035
504747186
504767944
504771711
504777465
504830618
504904898
504922313
504942606
504965185
504998945
505008116
505016183
505045690
505056987
505066202
505096508
505157386
505173431
505217194
505231810
505237742
505253300
505281265
505283500
505295421
505318177
505346689
505352720
505371387
505430375
505439747
505442565
505455052
505730217
506226685
506232700
506234193
506236201
506243028
506255148
506270270
506278108
506286956
506308125
506331363
506363892
506382677
506385706
506422003
510815691
510832629
511079679
511098395
511276805
511294690
512542470
512547914
512610269
512726174
513866497
514358799
514924104
515362169
515484461
515521805
515577046
515622211
515709996
515717536
515752625
515762140
515831913
516003423
516015810
516029490
516063390
516261166
516342317
516364815
516426015
516543728
516568855
516580244
516627202
516628501
516668633
516696532
516723080
516799236
516826330
516846414
516849431
516852825
516898304
516930696
516974436
516977969
516989709
516994592
517060522
517090784
517098544
517110150
517155727
517201798
517262453
517352331
517418778
517460842
517493368
517523792
517541579
517793071
517800325
517814464
517869296
517986892
518044093
518060669
518223846
518233599
518386884
518551844
518644538
518784457
518788869
518822389
518832594
518845544
518863762
518864914
518878975
518906430
518917967
518931478
518999653
519044001
519092659
519099392
519099842
519101501
519106598
519109154
519109884
519110917
519111956
521056143
521062150
521073004
521282811
521284090
522020967
522024031
522050084
522100828
522140115
522165674
522174147
527027762
527042387
505324492
504671519
496031470
515768977
497903645
