446940823
447019426
447019439
485709201
486311812
487403620
487834444
488123900
488375893
488678612
488716823
488723858
488732073
488734982
488740160
488778744
488793626
488797307
488799915
488862810
488924240
488962533
489025481
489054197
489113218
489171217
489231160
489234297
489240486
489241103
489268670
489416787
489427758
489443191
489449423
489474227
489480271
489543294
489628015
489631750
489641038
489656692
489710057
489717014
489798753
489856846
489874112
489889694
489920335
489944730
489957215
489963202
489970334
490023517
490039560
490110482
490110952
490124878
490125060
490136933
490145172
490175154
490176396
490196331
490210782
490225092
490240648
490257758
490358712
490388982
490391748
490403202
490426237
490461130
490464743
490486477
490559976
490585467
490641072
490730890
490744107
490750524
490760147
490773305
490806950
490887931
490933019
490936477
490941564
490945573
490954774
490967030
491006193
491011576
491015050
491079975
491136545
491149263
491180010
491180352
491191659
491330133
491371894
491394235
491429026
491487981
491505826
491527058
491527848
491539785
491557821
491630656
491647350
491653301
491662803
491671529
491685159
491790471
491801608
491858971
491897535
491923089
492311371
492418450
492506608
492647642
492792839
492832001
492872817
492881353
492904910
493204745
493212616
493242600
493247943
493280277
493327091
493332544
493335664
493344777
493345569
493346880
493351367
493383825
493462866
493498918
493552096
493579733
493594608
493595605
493599603
493611352
493612442
493615941
493631032
493677112
493730946
493748626
493752571
493754359
493756262
493774614
493795865
493799257
493822778
493849936
493860367
493870001
493900257
493932031
493957083
493959238
493986084
493993779
494003660
494014479
494032292
494040802
494042470
494050693
494059381
494062313
494068542
494079328
494105891
494126578
494131052
494133289
494180309
494265279
494336007
494388898
494424034
494465715
494490336
494534404
494535009
494576666
494633538
494656693
494666220
494729462
494736483
494753688
494766806
494804534
494811135
494853269
494905741
494918410
494928287
494950444
495021448
495041698
495043013
495092290
495106229
495147863
495188590
495203948
495230839
495265384
495307995
495314541
495331453
495345146
495357712
495370266
495377287
495411740
495458215
495479299
495546345
495557443
495574331
495638444
495674993
495735569
495736394
495757250
495765448
495766550
495791773
495796912
495823319
495834978
495880632
495911308
495960162
495966700
495983890
495999202
496001661
496065480
496085901
496121445
496135849
496147209
496157525
496167826
496232231
496242498
496322650
496348651
496351550
496405954
496424894
496430474
496434874
496436348
496456313
496490714
496513584
496550101
496577282
496663793
496688802
496709582
496898503
496917815
496952602
497053418
497061988
497081187
497131603
497153524
497199288
497221578
497289634
497312661
497317690
497329363
497356273
497396671
497415160
497426341
497450801
497468768
497477357
497486949
497491634
497508226
497526591
497535750
497558371
497565592
497569411
497571457
497572566
497650501
497693926
497766191
497781604
497816170
497834532
497839961
497855878
497887560
497928467
497948940
497951718
497985253
498084838
498139914
498161372
498176743
498214819
498221406
498226956
498230845
498272963
498284246
498297065
498306367
498310696
498318097
498454168
498521978
498795731
499072146
499168566
499174461
499181447
499198373
499219140
499227274
499288117
499322644
499328701
499343422
499356800
499382752
499389385
499403715
499409200
499425098
499426462
499439354
499441731
499443989
499454135
499466886
499478723
499488511
499490599
499496865
499501717
499503958
499510564
499552821
499576065
499583876
499597547
499602363
499612346
499688973
499704775
499709774
499723771
499732011
499735469
499739911
499749876
499766962
499771331
499772184
499797903
499839933
499844742
499861000
499884390
499900424
499950518
499960990
499986641
499991708
500006428
500015870
500017686
500031798
500071076
500075885
500091137
500146740
500156358
500164766
500225845
500347739
500471154
500486677
500596178
500681822
500775735
500833694
500928300
500955461
500995330
501003790
501012568
501029558
501072302
501083278
501094544
501125039
501138496
501139264
501149836
501157134
501163940
501184848
501184903
501188453
501190024
501199106
501215033
501225972
501239441
501245413
501253063
501263637
501266971
501317236
501319361
501361322
501384086
501388519
501422002
501439689
501445954
501449988
501491272
501496263
501501084
501513837
501532400
501538474
501540310
501541788
501546730
501561444
501568597
501588533
501642804
501768586
501783149
501798915
501809585
501979155
502019771
502120147
502182529
502384128
502432200
502435030
502470462
502476249
502485172
502591512
502603531
502610035
502639290
502640958
502645793
502651553
502664852
502675744
502688205
502697439
502702364
502728518
502736577
502738210
502755354
502758089
502774731
502778485
502803535
502809468
502812275
502812750
502830752
502852692
502865435
502873745
502889542
502890445
502894829
502901437
502925496
502928709
502931273
502941416
502943973
502946706
502955443
502960528
502982839
502986110
503012901
503018568
503024763
503031192
503036170
503041850
503042174
503060118
503067127
503068904
503091285
503095236
503100366
503147189
503151975
503185582
503192674
503195496
503231808
503245548
503251280
503252077
503258938
503271892
503282204
503287125
503296750
503320234
503321323
503325639
503328333
503342751
503350896
503355177
503379984
503383815
503393677
503403112
503406840
503413331
503417811
503435327
503442835
503445823
503447714
503461213
503471771
503478403
503501304
503505655
503511609
503521600
503525206
503563774
503643682
503648755
503651575
503672830
503698088
503699738
503709782
503716944
503745390
503751171
503786617
503792540
503796047
503832692
503842434
503861261
503864749
503869687
503876020
503896855
503924901
503987095
503991279
504011835
504034688
504036748
504063179
504090024
504120031
504190915
504215020
504236719
504245660
504249124
504261965
504266516
504267541
504278642
504329399
504358887
504369427
504371308
504372667
504392782
504427947
504437082
504467940
504487250
504500642
504517834
504539654
504543406
504549960
504559056
504565563
504580881
504595626
504616920
504619008
504625839
504667805
504678986
504747384
504767919
504774208
504864540
504891115
504900843
504904914
504918190
504923179
504941045
505000180
505030984
505045813
505047751
505051736
505057022
505097351
505105236
505138817
505162000
505172558
505173313
505202823
505217170
505229461
505237120
505253250
505263942
505283524
505304245
505316853
505375841
505450854
505452907
505455001
505721669
505823743
505926358
506223346
506226563
506236174
506248160
506251095
506255174
506260257
506278082
506338388
506349447
506353549
506378256
506385731
506392650
506396009
506408857
506420520
510796515
510800962
511278251
511294740
512458526
512542542
512610138
512623932
512702879
512723959
513041584
513867797
514392662
514969660
514977928
514979824
515113805
515365510
515475315
515593915
515752655
515768915
515944927
516012887
516053580
516062176
516101535
516107451
516120648
516173516
516214668
516249858
516262794
516339578
516454037
516501691
516542373
516575546
516577749
516580271
516588862
516660026
516678123
516700721
516703188
516747481
516758127
516805401
516852765
516860812
516889318
516902484
516946917
516980492
516988231
516997368
517016795
517037957
517043369
517060548
517097924
517102617
517108985
517142068
517151456
517201774
517211773
517212538
517217765
517274089
517352307
517402134
517446245
517476646
517489392
517512650
517534530
517538507
517614335
517747535
517763991
517793037
517794115
517799923
517804544
517825749
517836225
517841846
517885271
517986866
518001364
518004413
518020147
518060563
518074157
518139460
518218494
518229820
518263184
518322757
518343765
518360911
518371608
518385096
518391958
518416540
518462439
518476970
518564987
518703819
518714449
518733769
518735110
518757701
518803519
518810743
518818355
518823048
518843072
518874727
518878302
518898518
518924423
518992203
518995713
519043489
519064062
519107557
519109167
519664072
521044685
521072121
521074393
521080218
521086638
521980047
521988245
522002303
522023357
522058485
522064302
522151627
522157250
522175356
522199179
522214604
523411948
504830507
505324352
504671060
504707878
504766266
516595488
487367704
496746424
516680828
