487588185
487775197
488082085
488626471
488718436
488726200
488797330
488862846
489073029
489253664
489336700
489350010
489514771
489959987
490180774
490414042
490726719
491009037
491137120
491142866
491492417
491574040
491878682
491984897
492714501
492830506
492905596
493386002
493464259
493631356
493733400
493748633
493942321
494032270
494067458
494336235
494424083
494490926
494513088
494524938
494576470
494600944
494641690
494656669
494777959
494785634
494918397
495183773
495241415
495276593
495376437
495392791
495529852
495563969
495568016
495766543
495790286
495823433
495837327
495856357
495978927
496147185
496741490
497260177
497302953
497541475
497571665
497649334
497839215
497882550
497985354
498086093
498143236
498192942
498272940
498284273
499183529
499219058
499248552
499264171
499382790
499404093
499423586
499466626
499468635
499519399
499659683
499682116
499687397
499768467
499817470
499846321
499872615
499906965
499947487
499991982
500006091
500031821
500057680
500075902
500082335
500087575
500137638
500148504
500157804
500190709
500471174
500792024
501071427
501072537
501125061
501242658
501267189
501384002
501388408
501412732
501438170
501439585
501452200
501505206
501518044
501531775
501543429
501979191
502028388
502286036
502401305
502626675
502638197
502644159
502645392
502675804
502697470
502705497
502760914
502774754
502798371
502808440
502852726
502873795
502879335
502942574
502947570
503012924
503024739
503080794
503302369
503324782
503330300
503412458
503447690
503461189
503469833
503485459
503521565
503525183
503564972
503643964
503651598
503664429
503693348
503710382
503716505
503793212
503915765
504090047
504106488
504119992
504233389
504239465
504244575
504251169
504261989
504266548
504359003
504370542
504397114
504498882
504520378
504625863
504707902
504747188
504757029
504766244
504767942
504776048
504832112
504860068
505138242
505209577
505217192
505237744
505283502
505295132
505295423
505455055
506219707
506232702
506248136
506255150
506296375
506308127
506328871
506331361
506385708
515980030
516236322
516484516
516543726
516563968
516568853
516575569
516668636
516739527
516883600
516884373
516974705
516977960
516985434
516991785
516994601
517096469
517402602
517538536
517800323
517803803
518007307
518060667
518137715
518272064
518391472
518735086
518744208
518806424
518822387
518863760
518880154
518926381
519096634
519099394
519099844
519100461
519101504
519106600
520880599
521073009
522024033
522140117
522165676
522207752
527042383
488136051
497611235
517103284
516696530
518616583
