446066361
486381557
487716097
487740905
488283578
488345365
488506447
488621229
488700904
488787287
488857722
489184732
489358362
489428125
489443110
489777731
489874219
489944913
490124283
490134332
490215970
490555345
490715273
490739095
490772710
490927314
490944002
490952624
491167022
491177292
491464975
491486899
491540971
491653293
491671701
491750338
491837935
492186388
492387959
492833969
492844837
492850359
492904946
493267015
493353931
493386411
493549188
493588640
493640915
493771653
493822236
493856737
493893530
494028807
494035764
494145512
494248372
494289301
494425044
494489109
494499874
494504207
494604563
494659985
494733726
494739602
494770484
494787520
494978732
495358243
495374046
495466466
495560977
495564441
495716596
495763160
495901187
495960364
495985061
496184038
496293458
496426169
496457303
496525004
496571557
496742440
497129599
497293018
497396733
497401641
497461714
497535038
497571427
497647707
497833880
497875348
497982522
498058038
498196404
498233185
498266047
498283794
498338292
498456780
499168294
499183687
499203319
499227757
499236843
499238743
499409668
499452450
499466789
499490485
499660910
499689149
499722091
499735515
499884345
499949243
499991911
500001964
500038461
500075939
500078349
500086435
500164494
500196609
500425323
501071410
501125289
501138130
501144294
501157067
501180852
501199077
501267212
501326790
501327994
501384140
501388709
501441249
501447771
501496211
501505929
501579046
501638946
501694022
501981705
502026944
502120782
502206751
502257205
502591520
502603582
502660343
502698002
502731455
502756545
502776563
502781229
502806942
502819400
502925568
502947317
502983533
503014305
503022670
503031946
503066984
503067723
503080369
503179304
503217455
503226535
503311153
503324799
503369674
503404184
503413883
503446569
503470486
503485356
503501234
503513206
503564935
503603794
503652968
503664233
503675442
503708995
503742511
503864894
503868587
503928593
503981708
504219741
504244558
504266528
504370498
504396780
504399432
504620424
504621192
504662723
504681574
504706967
504769770
504871226
504981403
505045110
505051604
505183518
505218648
505228898
505253340
505295509
505298481
505305773
505369741
505455039
505923879
505936454
506223477
506260210
506278124
506378276
506385172
506402198
506421990
506427734
511820054
512610521
512726190
513873454
515831930
516219307
516500537
516649757
516654351
516667932
516694022
516826390
516853197
516890869
516972139
516992699
517000226
517036099
517101802
517406910
517522276
517578992
517792581
517798752
517840916
518007558
518060691
518332620
518365415
518371777
518415767
518462369
518689918
518714515
518877343
518993017
518995834
519095006
519099324
522031067
522070252
522174695
522827803
523698039
527025406
519092807
505324470
496513819
503374388
514910509
504671203
489454244
