446012927
446012932
446012942
487726454
487732019
487907014
488506472
488621094
488678666
488726213
488731858
488793575
489063573
489327805
489340441
489357136
489443121
489445979
489449380
489655175
489728940
489745431
489853384
489920466
489944977
489965340
490123454
490125319
490132899
490137565
490156748
490177907
490183171
490285201
490324482
490414034
490696609
490715241
490747786
490921689
490972893
491055709
491101748
491137145
491409941
491603830
491661686
491688370
491746567
491750349
491916478
492387976
492430912
492830522
493192679
493198249
493277481
493337061
493344446
493353920
493477539
493538477
493571792
493700920
493701886
493727161
493757171
493860870
493950237
493965100
493966531
494035708
494103328
494110045
494122619
494145521
494198556
494241626
494250599
494424104
494489322
494499864
494524361
494600952
494656661
494666251
494821643
494944005
494969285
495017719
495062900
495150501
495254133
495337012
495365066
495370235
495379241
495380020
495487155
495519897
495658541
495686312
495692841
495735590
495795957
495796933
495814270
495908789
495956584
495965492
495971871
495998838
496004841
496127879
496131273
496184048
496242273
496366096
496394856
496429500
496435532
496450027
496512450
496518379
496577342
496742488
496918182
497236558
497320022
497396724
497436724
497446819
497573097
497649516
497710399
497822904
497834489
497844645
497851403
497855485
497877380
497951088
497976229
497981025
498007216
498090567
498184682
498236151
498284281
498318133
499070434
499168288
499198802
499219280
499227824
499248560
499288855
499329347
499336350
499390341
499466809
499491380
499496405
499501750
499596274
499602026
499630205
499687388
499699411
499723083
499725725
499732043
499769113
499769702
499841321
499960952
499991974
500006080
500016045
500057687
500075921
500096439
500137630
500145702
500158949
500170210
500225709
500347777
500678647
500775993
500798805
500833823
500929303
500970310
501004250
501032893
501044904
501056640
501137022
501144287
501164343
501197530
501199051
501258385
501263652
501267202
501319130
501341398
501383991
501387926
501448935
501493038
501496241
501505217
501542066
501566620
501694028
501749019
501846835
501936400
501982297
502110188
502446476
502519757
502591474
502606279
502620877
502635000
502645402
502665033
502697480
502708527
502774764
502798379
502803659
502819830
502873801
502895274
502924281
502928675
502935567
502942585
502959320
502976258
502983540
503005693
503012935
503024729
503031952
503042207
503057590
503060366
503067717
503080486
503093877
503102133
503147599
503171725
503198318
503223565
503227791
503248182
503281879
503318429
503323388
503324792
503346607
503368979
503388992
503409746
503446107
503447679
503448406
503469822
503471736
503483862
503502089
503541391
503591879
503624026
503634947
503643956
503664414
503675502
503697950
503705812
503710376
503717650
503732701
503733807
503741711
503762502
503817075
503893449
503928832
503969390
504001462
504038981
504062349
504111847
504208781
504219012
504221805
504250648
504261999
504266538
504358994
504366707
504370504
504372701
504398311
504399268
504437102
504559023
504570838
504616616
504619287
504647261
504667771
504747179
504756216
504765219
504767949
504775490
504781275
504788039
504832550
504938656
505008109
505028829
505031274
505045104
505056981
505096931
505097415
505138226
505138849
505217202
505250460
505281257
505283494
505295416
505317142
506236210
506260220
506279745
506296393
506327464
506331370
506349482
506376840
506385699
506390812
506402205
511307929
512726183
515044426
515285431
515556412
515564227
515826778
515895879
515913813
516330493
516362969
516364806
516477315
516575578
516594375
516611788
516670005
516678003
516753857
516852844
516975616
516977989
516989727
516992450
517000246
517060516
517142117
517460848
517548664
517764027
517793063
517798975
517803796
517808136
517836187
517841866
517946356
517986901
518004454
518007169
518020047
518044102
518205303
518233593
518365409
518465585
518744385
518750034
518822393
518863771
518877636
518890706
518931472
518953494
519043002
519091770
519095589
519099318
519099650
519101494
519111948
521072990
521281625
521284374
521982597
522057882
522140109
526820001
527027755
527042398
503374422
518060675
