488144222
488230953
488701387
488732056
488735619
488746678
488788472
488862833
488867849
488970165
489073261
489221516
489229746
489256437
489327780
489449399
489566152
489610196
489632379
489643115
489871660
489965323
490107576
490124218
490125663
490132584
490138317
490160400
490180655
490251983
490458794
490479833
490551903
490696633
490754620
490958525
490963015
491137105
491179730
491366419
491450176
491519537
491707046
491854063
491941236
492430858
492440243
492454510
492464674
492547782
492615148
492682133
492830494
492911805
493170006
493198233
493203566
493277245
493301890
493327110
493342288
493344467
493353899
493396897
493407073
493464265
493485704
493491083
493549162
493569594
493621212
493640943
493647328
493676292
493771772
493837246
493840552
493848833
493895895
493928597
493963049
494003734
494021471
494032276
494035694
494054721
494103556
494424069
494490919
494499849
494513081
494525953
494576456
494596329
494600937
494644782
494677536
494704636
495020071
495360696
495379865
495466519
495478336
495499832
495514892
495535338
495707931
495717980
495781702
495815845
495878470
495911428
495965522
496027587
496147192
496157430
496176498
496231131
496270589
496344003
496363323
496492910
496584976
496663856
496702959
496746440
496943010
496996558
497052103
497067308
497218376
497227005
497236592
497290050
497328086
497538128
497571658
497649344
497676401
497759551
497781578
497813010
497839223
497850423
497867767
497915938
498000789
498096979
498102418
498155158
498164939
498231571
498272947
498325538
499163974
499182394
499227841
499289058
499328131
499336374
499408705
499452055
499456444
499466793
499478705
499490876
499501734
499510543
499563399
499564238
499583979
499603038
499614732
499623983
499641203
499659676
499664450
499682123
499696451
499709697
499723068
499725203
499732060
499735488
499753425
499769688
499770936
499841303
500006098
500014661
500017701
500076204
500086655
500146782
500158086
500232079
500232314
500471169
500516501
500757542
500776011
500928756
500971726
501054779
501072120
501108739
501125054
501137500
501144271
501151358
501184869
501185989
501197547
501199033
501215220
501239460
501265759
501341413
501384009
501387787
501434364
501489790
501496224
501513858
501518042
501539321
501542023
501561464
501568676
501642788
501690406
501768603
501937236
501938087
501979184
502015968
502286024
502401312
502591490
502603598
502606262
502618700
502620893
502631329
502634982
502638190
502644151
502645387
502675797
502688160
502697462
502705618
502715412
502728501
502744937
502756668
502774747
502803193
502808447
502852476
502873788
502884238
502893933
502895853
502925521
502936125
502941397
502951936
502983558
503032174
503039993
503067242
503068542
503080788
503095390
503100356
503120097
503153576
503177715
503178546
503185899
503211304
503216958
503220497
503235111
503243804
503247728
503252101
503262001
503281864
503302362
503314789
503324775
503326916
503330293
503346625
503363809
503369607
503393732
503409321
503444333
503447697
503450887
503484083
503502363
503505639
503521558
503525190
503533045
503543253
503563759
503564845
503571209
503589980
503624010
503671639
503673998
503675484
503687078
503693355
503697968
503699916
503710388
503714109
503716498
503733792
503743649
503791728
503813791
503888558
503896835
503928813
503948805
503969374
504007037
504011817
504012183
504028839
504062367
504109545
504110631
504233385
504236740
504244582
504251176
504261983
504266555
504267557
504275123
504359008
504371139
504397120
504465903
504467955
504509232
504550023
504600086
504611264
504616599
504662745
504671563
504679696
504698705
504747195
504757616
504767935
504771720
504777545
504832228
504856833
504884140
504898063
504938670
504953968
504961875
504977254
505000333
505008124
505016191
505031289
505045680
505073890
505096379
505099265
505099946
505147326
505150751
505157381
505173423
505209584
505231802
505237751
505253291
505283508
505295125
505304863
505317162
505326651
505332735
505371381
505455062
506232709
506255157
506258709
506278099
506286965
506330124
506349500
506402222
510823458
510824613
511280207
512702836
512726164
513862437
514913692
515340815
515386010
515744715
515831904
515855626
515872768
515894963
516075469
516107435
516193508
516263003
516330507
516484509
516575562
516576953
516594387
516604464
516628492
516668755
516691123
516752774
516839722
516846431
516852807
516898113
516976561
516985420
516989693
516991773
517000290
517001667
517099334
517201789
517309501
517352323
517440072
517447880
517459297
517533155
517589497
517800167
517836204
517844433
517966125
518007108
518020065
518060660
518069447
518250495
518289287
518305264
518305336
518321792
518365390
518371645
518498004
518509899
518669876
518689936
518720678
518733745
518744214
518784451
518788878
518809910
518818245
518823037
518832585
518850972
518860230
518863753
518876323
518878280
518878966
519042930
519065748
519092611
519094378
519095604
519099401
519100467
519102806
519111219
519111965
521069350
521073025
521282763
521983212
522064333
522081130
522741729
527027770
487571502
