447203548
487776760
487787746
487936301
488064135
488082089
488497980
488626466
488726195
488732054
488753250
488773884
488782647
488797325
488802972
488813035
488862836
488890004
489132442
489133265
489134094
489184280
489225349
489262429
489492732
489578491
489624385
489692930
489771978
489845588
489885150
489887161
489899588
489900353
489920454
489923936
490124216
490127992
490132858
490134404
490137333
490175188
490187932
490202999
490285181
490304563
490403547
490529340
490533292
490715461
490729164
490758565
490925048
490933526
490939979
490972919
490976337
490981841
491009027
491026983
491137109
491142877
491149284
491158902
491163905
491179724
491187252
491212294
491366421
491396001
491409924
491496640
491541013
491559653
491574035
491874579
491902070
492020176
492122369
492179154
492276613
492454493
492468568
492764044
492828472
492839420
492849328
492859384
492905431
492911807
492943819
492963989
493163930
493181756
493198235
493212016
493227678
493277247
493316520
493322039
493344464
493353901
493377099
493386006
493410583
493472351
493502551
493505156
493510575
493538458
493546799
493562505
493582459
493595639
493608326
493611856
493616254
493617357
493631351
493670994
493679934
493690285
493701769
493755251
493767781
493799276
493822296
493824402
493834991
493909285
493917581
493942326
493970455
493993756
494003545
494032274
494035696
494069800
494126597
494160889
494169068
494185360
494287184
494336224
494381955
494424073
494437431
494439738
494476431
494490921
494495828
494499851
494516998
494524944
494541685
494576460
494633755
494648130
494656674
494661279
494669650
494770510
494821627
494843183
494867244
494952290
494956133
495014135
495017736
495088049
495150524
495183786
495199901
495307954
495319597
495379249
495383432
495400223
495470725
495478332
495499828
495506479
495561116
495562959
495568021
495588372
495591338
495606980
495627736
495636434
495660833
495689942
495762231
495764084
495766527
495769972
495790296
495791734
495795985
495796948
495819586
495823546
495841018
495860025
495878466
495885008
495949750
495961255
495986418
496049252
496066303
496113216
496128657
496135303
496140075
496140954
496167676
496184065
496219133
496231133
496242260
496315710
496352089
496364471
496367091
496394827
496401308
496406999
496424023
496456571
496566155
496680036
496718623
496724887
496746442
496827579
497098606
497100433
497190207
497198728
497216480
497218374
497227003
497290048
497311264
497320034
497362600
497461758
497468543
497486930
497491609
497520418
497537850
497560282
497562928
497572989
497634455
497649340
497677088
497819682
497823329
497839221
497844951
497917471
497920532
497951123
497965458
497985335
498001251
498040076
498247108
498272945
498284267
498325535
498340668
498410639
498496028
498802568
499071971
499163847
499174383
499181869
499182396
499184105
499185736
499189425
499204129
499205703
499209614
499227839
499245937
499248173
499264182
499317668
499329093
499330618
499368367
499382785
499404098
499408707
499425825
499428763
499439018
499445713
499452054
499456442
499466675
499468640
499473944
499484712
499490810
499494265
499501736
499510541
499536352
499548062
499569700
499571174
499575748
499583981
499602014
499603036
499603236
499614730
499630192
499643405
499650188
499659678
499664448
499691197
499699398
499735490
499768473
499770938
499825004
499841305
499884371
499906961
499950536
499952947
499960969
499991987
500006096
500016145
500017703
500031816
500054715
500071096
500076145
500087419
500091118
500096427
500099580
500123640
500146454
500150909
500157798
500164701
500174887
500249137
500266898
500415891
500469705
500486826
500516499
500592694
500685408
500833807
500955421
500970337
501032030
501044890
501060323
501062414
501072531
501101311
501127964
501137038
501144273
501164360
501184867
501199035
501215222
501253041
501258369
501266810
501327415
501327949
501341411
501352725
501357366
501384007
501422021
501434362
501439580
501445972
501496226
501513860
501526213
501539015
501540987
501541774
501561466
501585312
501689028
501768605
501869663
501934198
501940704
502286028
502476301
502485195
502519784
502573319
502591488
502603600
502606264
502618698
502633349
502634984
502645389
502665007
502675799
502694827
502697465
502728499
502730663
502738230
502756666
502762472
502773480
502774749
502793937
502808445
502812293
502813061
502818437
502819779
502831078
502839257
502852910
502873790
502894746
502899942
502912072
502924297
502928690
502935596
502942569
502945463
502947574
502959339
502983556
503012919
503025489
503031172
503033953
503042192
503053651
503057576
503062010
503065948
503067240
503067685
503080789
503090138
503091194
503147616
503153574
503168268
503179277
503185901
503216956
503220499
503224402
503227804
503235109
503247464
503258900
503261999
503270325
503281866
503301326
503302364
503310582
503318415
503324777
503328028
503330295
503335053
503346623
503370836
503377853
503393734
503403158
503409725
503412453
503430349
503442795
503446139
503447695
503448990
503461194
503471752
503482684
503505637
503513362
503521560
503525188
503541579
503551650
503563757
503606304
503643969
503651593
503664435
503670838
503674000
503675486
503687076
503693353
503697966
503699914
503705802
503710386
503714107
503716500
503732715
503733794
503751202
503778557
503786636
503793206
503843876
503869661
503893416
503896833
503924835
503928815
503986848
504001476
504011815
504012185
504029822
504036766
504038997
504053368
504062365
504090042
504091395
504094074
504119997
504244580
504251174
504261985
504264817
504266553
504370548
504473205
504539587
504549908
504559036
504600084
504616601
504619272
504625858
504667786
504671561
504682196
504701794
504747193
504756130
504767937
504776054
504781291
504794562
504819408
504832106
504856831
504864509
504865961
504884138
504900825
504904901
504926320
504957890
504965191
504980465
504983755
505000331
505008122
505016189
505036350
505044010
505045880
505049693
505050596
505051717
505056994
505085736
505173424
505183535
505198356
505212836
505217188
505231804
505237749
505242886
505246394
505253293
505283506
505295127
505295428
505305722
505309537
505318187
505324141
505324485
505348457
505400437
505402652
505455060
505827503
505926408
506212237
506219712
506223364
506232707
506243018
506251113
506260235
506278101
506328865
506349498
506376856
506382876
506399776
506402220
506435969
511098388
512547925
512610255
512695944
514350714
515333935
515805041
515855624
515973208
516075468
516076784
516163102
516255076
516261173
516263005
516315611
516342324
516358845
516444393
516477302
516484511
516548081
516563973
516575564
516576951
516594386
516627209
516628494
516652296
516663110
516668627
516678174
516691121
516723093
516787325
516813917
516826298
516839720
516852810
516867870
516877901
516884364
516889460
516898314
516959787
516978798
516985424
516991777
516994612
517000286
517001669
517095200
517103280
517155734
517158954
517274108
517288030
517302002
517352325
517384993
517434618
517454337
517460835
517487012
517497308
517523785
517528948
517614347
517794513
517800165
517809981
517816062
517830544
517836202
517902074
517953322
517969506
517989182
518001010
518007313
518060662
518075777
518137870
518289285
518294682
518321790
518338690
518386891
518669878
518718104
518728613
518733743
518735091
518744212
518746193
518778570
518797363
518806419
518822382
518845537
518848724
518863755
518864921
518876321
518878282
518880150
518886864
518927688
518931485
519022297
519027782
519043991
519099399
519100465
519101509
519102804
519110485
519111087
519111963
519662892
520899741
521044664
521047207
521062157
521069348
521080486
521282801
522054138
522071198
522081128
522140122
522165680
522201586
522207757
522212718
522828321
527027768
527031833
503374403
504662747
