446057393
485845010
487724019
488411809
488498093
488690640
488718426
488725241
488731513
488735643
488787452
488792382
488810565
488856949
488925069
489450309
489493092
489718803
489728934
489829639
489839199
489879798
489889041
490054080
490124498
490125071
490127282
490132901
490134354
490137559
490177905
490214992
490251977
490526097
490550238
490573933
490649265
490715242
490729702
490932351
490970919
490974948
490981819
491126933
491137045
491142841
491149304
491179692
491184902
491223727
491409183
491462040
491474583
491540990
491603832
491693947
491761147
491901342
492027841
492311433
492421821
492464749
492549553
492628238
492787590
492831208
492845495
492847544
492869283
492944750
492977043
493186582
493297559
493353922
493396877
493407169
493464271
493582470
493621234
493625288
493631371
493632638
493657198
493795556
493834977
493838183
493840536
493860886
493890076
493928576
493960192
493964284
493970470
493986121
494032260
494035710
494067722
494075833
494110047
494138854
494265193
494424110
494437391
494489324
494495845
494499866
494524362
494600954
494644318
494767334
494806365
494808125
494814293
494945084
494998824
495066046
495161176
495183759
495254130
495376063
495388429
495471976
495478308
495514864
495568007
495576375
495615154
495636481
495658540
495692842
495790257
495791698
495821160
495963696
495970178
496066095
496135572
496184046
496221614
496311312
496315723
496347099
496349195
496356373
496366098
496395029
496428967
496454718
496466381
496474511
496492889
496498025
496508746
496514361
496664422
496676035
496680066
496825880
497131646
497211977
497239462
497260187
497264516
497330193
497352232
497358433
497395649
497446818
497535272
497571705
497573098
497649514
497674701
497736232
497851407
497854233
497918138
497932609
497949020
497953063
498109213
498269134
498284284
498285728
498306515
498325498
498332073
498364287
498439629
499168289
499172098
499178136
499182233
499188168
499203903
499227977
499245920
499288854
499329348
499330645
499336346
499390111
499408876
499426325
499426742
499450244
499456097
499466601
499474295
499479835
499484624
499491381
499496844
499501752
499574582
499576078
499583806
499628285
499642397
499687386
499699413
499713175
499725724
499749628
499769112
499841324
499884354
499960950
500006078
500016046
500031831
500075920
500081292
500145703
500158948
500164489
500219387
500347780
500656570
500684525
500689669
500798807
500970309
501012530
501019567
501032485
501056333
501125071
501137633
501144289
501164341
501185968
501267203
501327058
501341396
501383989
501387924
501422040
501438479
501496188
501540331
501541791
501568659
501638951
501694027
501718607
501935737
502214027
502286330
502510290
502574727
502591472
502603615
502606281
502618484
502635002
502639730
502665034
502667574
502677087
502701923
502703978
502705181
502728387
502730374
502748524
502758444
502802714
502803661
502808431
502810571
502819183
502839276
502865137
502871915
502874033
502884257
502895273
502942587
502947649
502983538
503012937
503021081
503024727
503031951
503067718
503093878
503101177
503147597
503171723
503173898
503179299
503195324
503216939
503231743
503248183
503249700
503255175
503262160
503270342
503324794
503335035
503370400
503374380
503377836
503393806
503403176
503409747
503423817
503430366
503446106
503447677
503448407
503461242
503467731
503483863
503505622
503521576
503533063
503541390
503543273
503547652
503564930
503591878
503625875
503627988
503633086
503649555
503675504
503716681
503733809
503793509
503796015
503817074
503893450
503990928
504029108
504036781
504038041
504053776
504062347
504099612
504244563
504249010
504262001
504266536
504268658
504299300
504370503
504372703
504399267
504437104
504454039
504467979
504498871
504550101
504558700
504616618
504625874
504667769
504679383
504707911
504714155
504747177
504748184
504768420
504771702
504775489
504781273
504787802
504832551
504865937
504904892
504978551
505045105
505067976
505096930
505097416
505138225
505173439
505197281
505210263
505217204
505237732
505253333
505295414
505304845
505317143
505348945
505359967
505371396
505375821
505377546
505403139
505923982
505926434
505936244
506213933
506223381
506236212
506278119
506279747
506296659
506306661
506310628
506318764
506349480
506385697
506399793
506402203
506421995
507077995
510834113
511079690
511307928
512633093
512726185
513870832
514877174
515068547
515593739
515857293
515934847
515985718
516168175
516264093
516336527
516342308
516451828
516484529
516575580
516670003
516678827
516683941
516691105
516804097
516846400
516898149
516971273
516977991
516988248
516989731
516992452
517000242
517060514
517069553
517090791
517101019
517158973
517278065
517286823
517423763
517442033
517533136
517538592
517793061
517798977
517808932
517830558
517874903
517987324
518007168
518020045
518043446
518061295
518073683
518127655
518131319
518231484
518691150
518713623
518718127
518732362
518744387
518772207
518808657
518822395
518832603
518863773
518992211
519091771
519095591
519099648
519101492
519109936
519111017
521044647
521062143
521284375
521955828
522031075
522057884
522080764
522140107
522212701
522416439
522828306
495358488
502147180
493552279
519099320
