447129862
487393543
487726019
488016123
488686787
488734641
488747196
488779467
488787748
488938623
488942000
489077713
489449251
489633457
489797822
489815775
489904377
489910589
489910948
490016856
490104413
490126944
490140087
490169975
490189535
490207681
490213569
490237490
490376037
490389009
490472446
490514775
490536801
490549453
490731881
490737675
490926438
490971772
490983400
491008063
491029318
491032629
491117467
491172197
491314828
491410139
491489746
491552854
491631039
491793894
491800326
491840247
491943177
492419217
492746380
492830776
492845859
492846435
492904429
492980534
493199542
493313701
493469557
493474682
493492322
493502037
493537521
493564429
493595997
493753464
493757524
493764282
493853435
493855284
493856657
493907236
493932349
493942302
493999644
494012803
494038757
494043527
494052068
494127332
494157118
494163444
494246517
494250312
494390912
494423019
494491904
494494373
494500461
494512779
494525158
494606090
494606698
494636616
494728951
494770578
494818981
494951943
495068749
495188606
495228966
495248344
495280701
495284829
495313537
495379581
495394565
495476256
495563728
495572577
495607417
495617210
495624883
495688852
495759888
495820968
495855624
495871534
495884170
495893599
495908042
495915048
495966868
495983001
496065255
496082120
496154032
496177552
496184297
496241109
496293636
496395478
496426556
496441720
496453543
496458293
496485222
496513933
496820157
497012547
497054663
497074825
497263746
497291518
497461201
497488256
497508187
497536015
497562952
497568805
497571424
497573079
497647898
497709133
497883601
497978573
498056669
498135901
498180399
498191591
498209879
498265846
498268410
498311540
498338249
498361208
498445124
498496083
499164635
499219926
499227592
499244697
499286264
499329469
499330495
499382456
499389746
499403992
499408831
499425847
499438933
499466829
499468394
499473871
499490405
499509018
499549985
499584206
499596964
499601924
499628676
499630472
499660554
499691625
499710797
499723782
499737835
499750826
499768735
499777072
499819600
499851410
499871422
499878763
499890873
499904437
499929325
499948947
499991898
500008651
500014601
500017378
500057781
500076173
500110752
500145612
500164517
500168848
500175431
500266701
500682404
500863073
501003222
501071980
501137123
501143191
501156193
501199736
501214894
501267044
501339068
501383768
501386745
501441012
501448792
501491334
501496147
501498977
501565667
501798743
501934184
501981693
502024797
502108823
502402142
502411234
502470783
502508129
502596486
502639257
502664517
502677200
502699363
502705232
502728827
502756829
502779104
502787898
502798722
502803643
502809431
502835453
502852576
502873685
502878185
502885282
502895244
502911852
502923465
502958727
502983022
503019642
503022744
503032043
503059876
503067016
503068591
503080411
503080774
503102286
503111643
503127237
503145705
503153118
503177171
503183106
503187641
503212989
503221404
503234740
503272166
503281779
503318775
503324821
503328184
503346028
503396105
503403138
503420353
503431680
503447984
503448439
503467551
503485014
503490979
503497523
503504561
503521629
503524872
503533825
503589496
503601334
503628407
503640719
503643885
503664615
503674168
503716897
503752537
503792446
503816598
503860646
503889958
503981324
504012060
504027630
504037957
504120330
504122343
504211705
504215459
504237596
504248866
504262642
504265749
504359909
504371290
504395711
504398627
504509514
504550129
504581083
504582489
504603079
504616053
504619387
504675328
504677854
504679145
504707944
504767409
504776780
504832149
504835322
504849465
504903596
504967021
504974163
505008343
505037743
505045014
505058980
505096577
505097398
505113021
505126900
505144322
505172750
505173385
505210439
505231687
505263929
505283153
505305845
505336996
505338699
505362687
505369516
505400264
505454675
505927257
506248016
506257791
506266048
506279718
506309335
506371989
506382793
506392738
506429740
506486325
510810132
510820171
511036618
511280584
511305732
513861939
514351683
515485171
515528440
515827878
515887940
515895869
515983907
516339846
516363771
516412026
516551488
516568237
516662894
516667671
516678364
516680359
516707094
516980655
516989749
516991697
516994369
516999269
517070552
517168908
517203575
517254106
517277435
517417966
517440306
517469955
517488313
517489556
517522715
517577499
517752299
517764573
517800523
517804775
517831841
517840463
517848867
517939141
517948961
517961372
517988610
518002399
518007788
518060477
518137384
518221652
518229493
518254827
518266084
518373032
518386376
518442770
518447492
518778267
518789375
518804411
518842236
518846961
518863556
518874621
518884889
519000329
519031338
519079165
519099553
519099724
519110576
519112189
521066388
522023063
522164733
504662910
505324349
